muux RERVM ‚ET voctuvuottvtt 585 ’

notun 48, 10 nutrio nutrior 303, Ι15. 11 October 150, 20. 230, 10.
1155151115 138, 10 304,10 338, 17
nouenarium metmm 21511111- 1111111151300, 20 ” “ 55111555 114, 22 .
’ 5551114000 nntritrix 372,2 5511111530, 14. 114, 22 ⁹
11511148,17.500,10 ’ nutrix 140, 18. 323, 7. 371, ios 1125, 22. 53, 3. oet
1155115257, ll. nouissimos 14. 11404, 20 11144,1 ,

11114 nux ιι 5115 «15511411
νοῦσος 28, 7 nx finito nomino 140, 20 51οή 11 407, 3

...15111555 met ιι 5515 iou 11515 11. onom, 15 4

noxa noxius 34, 10 νύκτωρ 11 327, 7 odor 30, 20. ’,11 524, l
51011111 1511155281, 10 ’ τά νῦν 11350, 21, odoror 11334. 20
nubes nubilum 115, 13 nymphe 11407, 3. 11115151] 505111513812 ’
nuno 511, 15. 445, 4. 555, 51, 1. 555 5551111515
13. 505, 28. 572, 13. 11 15ξ280,3 · 551115515511515 38,10. 102,
473,17.487,1. 1111511143, “ 10*
17. 370, 4. nuptus 550, 5112151520, 10. 5450, 32 Oedipus 272, 7. 11 445, 35
24. 572, 14 5 finite eduerbie 11 00, 7. ο115111111158,8’1(1ι.11115.)
' nudiustertius 113700. nu· 72,18.·11511111111121,15. 5051105178, 1143511502, “
dine quertne 1158, 511. 1111- 145, 10. 205, ’23120οξ00. 10 .
0155 sextus 11 58, 41. 0* 312, 8. 325, 21. 11 522, offensiuncula 108, 18
1501511351,2 20. ω finito 1151111115 pro· 5051511354, 15
ungue 155, 22. 230, 3 51111140, 1 5111515377, 13. 401, 8

’ 5531551515511503, 30 5 interiectio 1111,10, 12, 7. officina 120, 18

11511115 227, 13. 200, 12. ΙΙ 80, 2. 01, 0. 107, 7. 240, 8· 511 11 73, 14. ohe 11 91, 27
, . 7, 8. 23, 0. 130, 7. 440, 38 55 Π32, l. 37, 10 me diphtkoupuo 40.3
1111151162 11 5555 484, l. 11 301, 4. 303, plenilunio. ᾔδειν ᾔὸηκ
numen 1151 , 5. 51... 555, 15. oenus 11, 11. 1155111 ooo 11
11111515 numeror 300, 11 ’ 500, 20 Οἰδίπους 272. 7. 11445, 35
1111111511· 11125,’10*. 150. 20. 5511511177, 0 οἴκαδε 11 500, 5

181, 25. 182, 22. 183, 7. oblectamentum 51115051 113, 10. 50115 ³ ·

18. 184, 0. 100, 17. 201, 55111ιί5551· 370, ll. 387, 7. 511151 11350 12. 5005 ,
20. 11511111111111172.1.578,Ι 380, 14. 11314, 20 οἰκονόμος 5155115551 432, 23
3. participiorum 508,12. 55551115 11274, 2. 370, 8 οίωνοοκοπῶ 380, 4
515551111111111500,17. ner- obolue 11408, 18 511οῶ 11 320, 12
borum 447, 23. 451,1 obsecro 11115, 10. 317,1 eineis 11 80, 12. 88, 12,
numerorum nomino 145, 5. obscenus 40, 14. 480, 11 ὠκέως 502, 10
11 311, 2. 412, 0. figurae 5555515540, 13. 480, 10 5111111111 151511521414. 312,
12, 22. 37, 2. 11400, 1. 555515 403,0 - 24
’ 5550515555137,2. 11400, obsideo 435, 12. obsessus oleaginus 70, 10. 75, 24
0. 4018. numeri cardi· 34›5 51515151127,10.154,10
115155 11412, 27, 410 4. obsoleo 487,7 oleo 444, 17. 470, 4. 480,
(1115511111141514. 3ο- 5515155515151595, 11 5455, 15
iiiiii? o11 1134155, 5ο τ’ 31533555111155, 5 5115111150311551, 11
nummario 1511 75, 11 5515515111270, 17 ὀλίγου 051331, 7. ὀλίγον
nummus 300, 20. 11 407, 27 obtinentia 11274, 13 εἰς χιλίους 11 331, 4
numquam 11155, 0. 340, 10 55115155 300, 14 iterumve 402, 27
numquis 183, 15 55511115 520,4 · 511551515118,8.123,25
11115511 108, 1. 357, 1 occido 484, 1. 512, 21. oe· 511125, 22
1111115551 18,1 cesus 500, 20. , 515 444, 17. 470, 4. 480, 11
nuncupo 11270, 2 ‚ occiduus 118, 21 5²⁰1 28, 7
nuntio 11 200, 7 occino 520, 4. 530, 7. 571, 13 vinnm 111κῶ 11 331, 11 .
nuntius 135, 15 occipio 11 101, 0 v Olympiae 11507, 17
5115373, 3. 450, 25 occiput Il 520, 8 Olympos 11 507, 10
5. 1511 ’11111 ¹¹ wit .. .. irretito
1 2 1 .
1111551111111505, 18 · 0551511111, 170, 5. Oceano· 5111111540,18
1155515500. 3. 1144, 9· 80, 10 11 507, 30 omnifariam 1174, 20. 70, 22.
1111515115 420, 14 ocellus 100, 17 343, 2. 474, 20
1151112085 ocior 502, 0. ocius 11 00, omnigeno 11471, 20
nus 0111111 1151115575,15 1188, 12 omnino 11 77, 4. 70, 22.
nusquam 11 130, 0. 3308 5511 enimus octingesimne 11 472, 31
onorico 15111551432,3 433, 22 . 5111511550511300,7
nutricula 371, 14 . octingenti 48, 10 οι11111551511511500,7 «

 

