570 1119811 RERVM ΕΤ vocsuvuomu

Q

remanes 01, m dextrarium ιι 15, 15. st, 11. 5. 15, 2. 1011111, 10.
doneris 11182, 16 138, 24 18, 5. 19, 18. 27, 13. 35,
demolior 379, 9. 385,2 dextrouersum 1158. d* (u. 19. 74, 4. 253, 18. 11 16,
0011015111001121. 11. 145, add). dextrouorsum 11 19. digammos 11490, 26
11151111 11· 11111· 159 ⁶35· 1111 286 ¹3 dignitates 11 111, uo
ι Η) 0 1 ·
Δημοφόων 254, 2 deridesne 11 350, 21 1111110 39²⁹ 111,
9011051110105Δημο061011010. δυοῖν δεόντων 11 311, 1. 11810131913 · 1181111· 3⁹²·
11. 111, 11. u 3, 2 110, 11 13. 11 111, 11. 115, s

’ . (100111111511408,16.409,15 01-1129,11.56,16 inseruissem. 2962

0011180622 01011131, 23. 33, 27. 31, δίκην λαμβάνοι 11 307, 10
denique 183, l 17. 26. 39, 5. 40, 5. 43, 2. δίκαιος 11308, 20. μετ’
denominatim 117,’1 56 18. 57, 12. διὰ τί ἐμοῦ ἔστι sol διίιοιια 11
denseo 00150443, 21. 479, 11137. 29 . 3269 ,

4. 485, 5 διαιτητής ll 358, 15 , diligo 523, 16. 525, 3
dentatus 442,3 0100011110 567,2 dimico 472, 22 ν
3111113118, 8. 'dios 11311, διαχόρ1μα li 43. 3 dimidio 11 481, 20

¹ 1. δυοῖν δεόντων 11311, διακομιζωἸΙ 366 dimidium 61, 23

1. 41614 0011150ρο1 11 43,2 11115111583108011. 01-
0111011100, 14 decianisve 11 323, 22 minutio 0011111111111011111193,
deorsum 1157. 14. 75, 21. διαφὲ1ω 11367, 12 10

84, 12. 138. 24 διαρρηγννμι 1138, 2 diminutius 101, 2
(1010015001438, 22. 513, 15 διαρρηοοω 1143, 2 0101150601 384, 13
0011000013ἵο, 9. 3862 διάστημα 11 43, 3 Dione 1110111015 70, 25
repetendam διαστολή Ii 14, 13. diastole διόπερ 11 138, 3
(1011110111366, 16 ll 520, 10 διότι 11 137, 20. 138, 7
0011111101135. 10 διάθεσις 11267, 10 diphthongi 37, 32. 51, 13
0011010001391, 2 δίχρονοι 1001105 323, 5 dirimo 11 50, 24. 277, 8
deque 11 59, 101 01010 371, 19, 01010110 564, 1 diruo 571,“ 26
(1010101101158, 7* dico 403, 13. 435, 3. 443, dis· 298, 19 (u. add). 1129,
deriuatio 563, 10. deriuatius 15. nonin. 511,23. 11323, 115610

5111 , 10. 1051511101 stc 1158. 15
descendo 11849 0100101432, 25 015 01115 248, 16. 317, 26.

’ ’005010 descisco 510, 12 01061100429, 14 338, 3

descriptio 11438, 20ι 010110 53, 7. 1110617. 112, Dis 317, 20
desero 532,9 4.113,6.114,3.11.133,9. discedo 483, 26. 512, 20.
desidero 274. 19. 11225, 1. 193, 8. 200, 16. dictiones discessus 560, 20

274, 8. 275, 5. 277, 16 05110αηὶ0511169,17. com· disertior 1159, 7*
0051101· 530, 22. 544. 26 positure 11520, 22. 01511- disertus 1156, 24
despero 11 282, 14. 301, 11 lnbne 11 521, 9. 10110511- disciplina 11 114, 3

ι00111112010111 321, 15. 345, 9. 118501111125121,1 616.(1111151111- dislrp ἓῗ1,1152.514ἑ10,266. (yffi)
, 0 , ,1011011111 .,. .·..

,00511001376 9. 385, 11 ordinatio li 111, 13. de· discors 282, 11. 11515, 15
005110001391, 2 10011001011011511 110, 11 diseretio 11 14, 13

’ δεσπόζεοθαι 386, 1 01010429, 23. 431, 4. dietus 11151110110000011111111520,10

- 00501111308,9 263, 14 dispenso dispersor 3913
detero 83, 7. 84115. 99, 12 dictum 563, 5 1115110500 560, 8. 511, 16
deterior 83, 7. 84,15. de· διδάσκω 406, 27. 567, 28. dispicio 4360

terrimus 99, 12. deterius 11 167, 3. 238, inm, 12. disciplina 11 114, 3

118620 01005510011404, 12 dispositio partium 0111110115
00105101379, 611 δίδωμι 455, 2. 7 550, 17
detondeo 482, 3 Dido 210, 6 dissentio dissentior 399, 12
9010511005 67, 7 · dieeuln 158, 13 dissero 11323, 8
deuersorium 11 514, 26 0105 158, 12. 365, 13. 366, dissimilitudo 11522, 34
deuerticulum 11514, 25 . 14. 11475, 21. 524, 19. dissimulanter 1159, 3*
deuerto 11 323, 7. 514, 24 indies 11322. 24. poste· disto 11368, 7
00011111011487,1 1101001011363,17. prio· 011362, 13. 11 73, 3. din·
deunx 11 408, 23. 416, 26 re die 11 363, 16 tissime 11 80, 10
0015 21, l. 001011298, 2. Diespiter 229, 8. 115162 011111157526. 8οζ 11

deum 300, 18 differentis 372, 11 diuersiclinin 11 145, 3 ·
90101 221, 23 0111010 11 368, 7 diuersus 11 502, 7
(101101511408,24. 41620 0111101115 11219, 9. 472, 23 0110552183
0011101225, 17 difficulter 11 77, 4 011100 519, 3
dextimus 98, 8 digamma Aeolicum 7, 17. 11, 010110 li 78, 7. 19, 21 ,

 

