5155155515 rr 1551555555 ’ 555

mirus 110,e 1. 453, 55. 5 555, 5. 55515555. 5
-1511144,2 452, 21 . θέναρ 154, 81. 1144123
τε 11500, 10 tempore longo 11 334, 14. θεόθεν ΙΙ 79, 20
teges 118, 14. 130, 9 515115 11 349, 8 &service 384, 2
tegimen tegmen 128,5 tenax 140, 8. 11 208, 3. θεός 21, 1
’5515154415 474, 14 · y Theseis 88, 8
{331⁰133241441 3135431313ιὸ ,111131 313
τηλικοῦτος 11 383, 19 15551155 109, 17. 110, 18. 85555451511582, 22
tellus 287, 21 231, 3 , θεσπίζω 582, 22 ,
1555551155 11 71,4 15555 11 274, 14. 335, 18. Thessali 11 208, 10
5154414.14 ...41444 4., 4 445441.
λ temperi 11 59, 4*. 64. 8* tentigo il 473, 38 8555515115 27, 25
tempero 11 273, 21. 274, l 15515 11474, 12 Tirrecliis 219, 9
ιιπριέτῧ effi {lofiffplrissvzogfit witgarium 118, 8, 11 473, {1th 31118 24 ll
mor . ⁸, . ' 5551 rw
15515. ,1555115555 404441132, re. 45, 10. 53, 5135514115, 12’
1. 584, 9. 11 182, 21. 190, 4. 188,12. 292, 17. 343, θρίαμβος 20, 19
12155155555155555115414, 13. 354, 23 Thucydides 248, 10. 247, 1
8. tempus τέως ἕως 113827 Thybris 327, 15
futurum 405, 8. 22. 408, 8. 1511515515 377, 9. 402, 13. 7515555300, 11
418, 21.-417, 7 (5. add.. tepefio 377, 9. 112898 8551138312
453, 22. 11251, 7. 254, . tepeo 378, 13. 1127815 8555518918 ’ ·
255, 4. 335, 18. 452, 3. 24. Terentius 325, 11 Tiberis 327, 15
453,24. 55555855 51 quer· teres 158, 19. 248, 13. 318, 111155528,,2.128,18. 11112,
155 conirrgatiouis 453, 9. 19. 342,7 ’ 17. 522, 5. 523, 19
graecum 5 551, 55. 444- tergeminus 5 515, 55 eirena 142, 27. 148, 21 '
5515405, 17 tergeo 485,19. 48114523, Tibris 169, 18
1551555 498, 7. 414, 13 5. 525 7 Tibullus 115,4
praesens 405, 5. 55. 414 ergo 555, 5. 555, r 51551155,
10. 24. 11191, 2. 243, 28. tergus 274, 11 Tiburtis 134, 1 '
335, 9. imperfectum 415, termes 240, 7, tigillum 110, 25
l. graecum 11257, 20 1555115511415,28 Tigranes 248, 11. 11 444,2
praeteritum 405, 8. 25. im· 15554813 . τίκτω H 484, 31
5555155ὲ515 405, 9. 408, 2. terrenus 77, 14 , titre 447,5
7. 41 ,8. 452, 18. 457, terrestris 133, 25 Timaeus 71, 1
251 11209, 4. 228, 7. 251, terrigena 11 522, 17 Timarchides 83, 5. 245, 14

8. 254, 8. 335, 9. 450, 33. tertiana febris ll 414, 28 timeo 373, 18. 391, 5. 421, ·

coniugationis quartae 557, terrula 110, 21 ,’5. 492, 8. 580, 0. 11272,
18. 450, 39. perfeetum 21, της finite nomina graeca 79, 18. 278, 8. timeor· 373,
14.22,1.21.74,12.405, 1 12. 82,2 18. 3915

9. 408, 4. 415, 11. 23. 15515 3928 . timidus 131, 14

418, 13. 417, 1. 437, 10. testor 382, 1. 392, 8 τιμῶ 70, 25. 11 384, 8

“ 439,1.445,13.22.447,’15515(15123,5 τιμωρίας τυγχάνώ 11310, ·

10. 453, 14, 458,14. 483, tetrameter 15551555 ii 418, 10

1148412487, 17. 11191, 18. trochaicus catalerticus τιμωρῶ 11 384, 24

2. 243, 27. 335, 9. 452, 11419, 12 timus 115115 5555νὶ5115αο8,3
12. 489, 35. 50417. 513, tetraptota 188, 14. 112, ’8 tingo 525, 13

24. repetitio principii per Teucer 11 114, 2. Teucrus tinnio 450,4 .
praeteritum 459, 30. 487, 224, 11300. 18 Tirimide 201, 17

11. 517,12.528,12. per· 1551551511522, 11 tirunculus 108,s ·
1551555555151419, 19. 11 texo 538, 1 Tiryns 319, 25 .
305, 7. 471, 18. graecum textilis 131, 28 . 115 1555555555 133, 24
419, 21. coniugationis pri· 51155155 511118, 22. 5111384, 17
mae 34, 24. 130, 2. 488, Thale 201, 17 τὶς 11385, 11. vt 11385,
15. secundae 372, 27. 488, 0511515551 θάλαττα 24, 11 14. τινές τινές 113815
15 (u. 5811). 478, 7. ter· Thales 245,4 Τιτάν 210, 13. 217, 10. Τ1-
1155 488, 15 (u. 55151). 494, &ricem ΙΙ 319, 3. 329, 20 155 325, 15 ·

1. 5555553424. 130, 2, θαυμάζω 381, 14. 11 319, Titanus 218, 13: 217, 10
488,“15(5.’555.). 521123. 19 ” ” 1115115378, 13. 48323. 485,
515555555551551515450, 10. theatralis 131, l Α 5. 512, 17. 58818. 573,
408, 5. 415, 18. 418, 15. Τ1551155178,15.378,18 22

24. 417, 9 ( ,(5111), 439, θείως 11 79, 21 15 finita uerba 429, 19

 

