11101111 86111οΤ0373 537

8011111111 1151111111111.1.1,4911. 11333, 24
111111.,1.113451 346,9 33111. 511,5
20,13 361, 23 . 131 49417
27 353, 24 ¹ 16811. 11 236, 26
111,10 400,0 2,56 248,12,230,18
17 501, 26. 559, 3 0311162,12
-,134111 144, ’20 . 1301111 275, 23. 11
135 218,13 - 326, 21 ·
1115111567 134 556, 22
217 222, 17 165 1137512
2, 184 ’ 245,15 , Ι3, 2311. 1171, 13
,111110114711 1125416 72 30318
5511. 11271, 13 78 11247,6
63111. 267, 23 9311. 25312
41411. 11331, 15 3411. 113, 5*
Q. Hortensius 381, qm 97 10317
’11011111111111111111270;8 2031112132
1111111111 adn. Aristogitonem 11 1111, 1111, “ 111 1111, 11. 111, 1.
aphani 11334, 7. κατὰ Δ ημοσθέ- 1123317
vove 11 32419111 τῷ 1111τά Πασι- 290 112618. 42,3
κλέους ii 239, 1. ἐν τῷ 11111 τοῦ 111- 294 1656
ρίχους 11 195, 9 , , 235 1107, 21
31811. 401, 9
1111111127610 , 4, 1111. 589, 10
1111111111111111114215 111111. apud Cicer. 34 101, 13
Τ1111.Ι 470,111,1111111111017115111111 122 133, 7
15, 1011111311..) 16. 10, 20. 28, 4. · 5,1 545 22
, 34061111. prouerbium · “ 2611. 485, 21
Incertus scriptor ἐν τῶ 11111 μουσικῆς 8711. 113233 “
11412,1 35 155, 1811111113.)
isaeus 11 335, 3. 4. iv τῷ προς Ευκλεί 127 408, 22 ’
31111111, 15 , 116,7 112202
isocrates 1111111111 Ἀντίπατρον p. 415 . 3811. 482,15. 485,11.
811111 1130814 432, 8. 553,15
4111111111. 2311. 389 ii 287, 23 1121134316
241) p. 383 11194,7 121 339,17
46 p. 393 11325,9 ’ 231 233, 5
Archidami 104 p. 107 1136319 259 112, 2
100 p. 138 112363 32811. 404,2
Areopagit. 48 p. 143 113102 350 16413
1111111111101111. 201».ss 11354‚9 388· 11331,11
3411. 3 Il 279,.,43235 , 483 140, 10
111101111111111315711. 217 11 376, 5 434 404, 0
ad Nicoclem 2711 ,20 11 135, 6 438 102, 15. 253, 15
depace 1911163 ii 3919 x 5781147213
3411. 160 11281, 21 0641q.s 311211 143 24
8111. 175 11 281, 23 1117,13.iq.q 117724
3211177 11 315, 23 · 50 il 363, 21
, 110p. 181 1130311 7511134618
1 111 p. 111 1131111 11111 1111111
panegyr. 4 p. 42 113503 97 338, 21
16 p. 44 1137211 123 393, 8
6611. 54 113309 . 13911. ii 329 23
1441), 70 1123510 148 11435, 34
146. 71 1119420 16511. 387,19.11275,7
16811. 76 1131314 “ 8,10 32310
Philipp. 701138 11366,9 85 1122214
Ρ111111. 211. 237 1136613 142 11 364, 21
511237 1133314 ’187 ’ 113,7
iuba. li 420, 7. 23. 1111 octauo 11420, 24 22511. 413, 4
111111111111.11,5 20816 9,2 286,22.11481,36
3411, 11 03, 8 15 433. 13
33 107, 20 58 529, 21
40 113,4 5311. 307,13

 

