1111101 anun 01 1001000010 aaa

00000511101329 2211311ἱο1124, 12. 32, 15. aliquovorsum 1153, 3*(a.
aequiter ll 71, 1 37, 22. 175, 18 011οΜ)

aequissumum aiio 434, 4 0110 1101111 denominatim 130,

aero 433, 7 Alvaloee 11 481, 31 20 “

aeripes 11 113, 5 010 413, 29. 420, 10. 494, 2. 11213 11 194, 1

000 1111110 0001110275, 17 541, 13 0111011177,12.115,15

aea 109, 4. 275, 3. 313, 21. 02000111ομ αι 11270, 25. 279, 01111090, 13. 200, 10. 233,· 1.
00105042 4.295μ3 303,.,.1011723,1.22,

Aesculapius 29, 0. 335 111200 74, 20. 11 239, 10· 21. 449, 39. 111103, l. 77,

0000011490, 10 01101001 232, 12 12. 0111011111304. 10

aestimo 11334,8 11002000011411, 13. 011111 01100212, 9. 324,4. 325, 20.

0010011305, 23 2000020001333, 3 1144513

aeternus 81,3 11111011 23212 11221,’2011111177,20.1122’ -

aethiopus 217,3 0111011011 13, 3. 270, 24. 2011311290, 10

¹ 00111100 0001101000 31,0 279, 3. 295, 11 ΑΙΙ10 202, 5

000510110322· ιξ110015011111231,7 allicio 497, 9
mmmmm1 hmwnns „mmlm‚a
0170110 11 75, 7 ’,4110203 143, 7 1122016100 lawa. 11133, ,
000010275, 1 al linita 11000010οι11ιο 123, 21.130,13.192,13
0001100051013, 10 12. 0001011147, 1. 214, 02201100010555 14. 01220-
01001001110101377, 3. 0111 3.312,14.320,11. 11 110010011101101115,01
010 401, 3 523, 0 alloquor 11 354, 12
”0111010(0[. 010010111219, 27. alacer 152, 18. 229, 30. 230, 010 q,527 22. 571, 10
. 230, 12 21. 11 523, 27 1120101 11490, 25
03000311305, 17. 431, 10 11120200 319, 9 Ἅ2φειός 41, 14. 71, 4
113012μο1149717 01500 397, 7 · Alpis 323, 13. 353, 5
1130031030, 14 0150000 397, 10 olle 32, 21
143051οο0 3314. Ἀγχίσης 015100 397, 10. 432, l 01101911,10.223,.7 11310.
43, 15. 245, 12 alcedo 200, 3 7, 3. 20, 3. 23, l. 450, 1

’ ἄγχω 440, 9 alcinous 2731. 1410111110 0110100 392, 24

1130113317. 2332. 230, 29515 01101001392,24.11274,4
13 , ..41011010011237110011112 alteruter 131, 3. 225, 22.

14301011 245, 4 Alcumena 29, 7 437, 10. 117, 9

03011100 135, 14 012010 (o 445, 21 alternitas 130, 27.· 137, 23.

030110010315 01000000011522, 23 11494, 30

11101272, 5 1110011522, 30 altilis 131, 20

0310203411, 14 11100355, 24 altitudo 11419, 3. 523, 2

aggeus 30, 14 Alexandrea 4101001100 73, 2 1151100οο0059. 21. 3*.4*

awaet mfflmom,n nmm·a,mmw

0331011101 (a. ado 3100011379, algeo 435,13 0101101031. 1033. 20310
3. 337, 10 ai 31,01235 4 002317. 1157, 17

0330100 30, 14 , 1113019213* amasco 423, 12.11471,0

α yios 502, 23 11183110 192, 131. 235, 4 00010100100105,17

03110 11270, 13: 400, 20 ’22ομ11200 29, 7 00010110 429, 13

0130101001 43, 14 Ἀλκμήνη 29, 0 00513050οΗ

agma33,13(u.add) 0111101177.14.523,23 ambiguitas 11 520, 32
1131101100109, 15 0110115111132,5. 135, 23. 00513001337

. agnomen 57 13. 53, 5. 09, 130, 25 ambio 547 2

127313 alicunde 1159, 41. 132, 5. 0051100547, 2. 570, 3. 11
agnosco 511, 3. 0311110047, 130, 25 52512
24, 43313 . 01100130000190,4 011150 20, 13. 201, 10. 3111,
, 03 000 109, 15 ' 01100010012519 19. 11231
’030 22, 7. 437, 7. 33. 1301100111110100 10 0051110375,10.377,20. 11
mmnmnmmmmmmmims ·
12524, 17. 11527, 29 alipes 11 524, 15 ambulatio 11232, 2
2101100010 aliq uam101137, 18. 32, 19. ἆ μείβω 511, 13
agraria 1011 75, 11 33, 12. 134, 15. 135, 22. 00100110 1147, 30 ⁹
:3¹⁸3ss 1113452 00111101561107, 13 1311110110111701113003418, 1116
5⁸:50 272, 5 aliquali 132, 3. 133, 25 00100 433, 13
1113100110 107, 5 0110111011132,5.135, 22. 001011011159,0*. 73, 20

’ 011 aha 13, 211. 43, 23. 11 13310. 0500111130510 0010001121920.35·2, 13

73, 14 aliquali 133,q5. 13325 amita 142, 2. 413, 0
0111114, 20 aliquotiens 1173, 23 ἀμνημονῶ 11 295, 10

011011110οι01 hamat 111. . . . 33

 

