574 11101111 11811111 ET t'octnvnottvu

nr 100, 00. 111, a. rara neu mum ωφωιι 111, 11.· 1111100. arn, 1101110 l

175, 17 11 445, 8 11484, 28. 11110111 11210
farcimen ll 523, 17 000040 lffl· 2 foramen 126, 1

tucio 100, 10110, 1510 000οὲῗῇ ,Ῑξ nn, 1,. ,Ι 1111110.- 11 ιιι en ,

2) ' 0115, ,ὅ 11110011. 100, 11. rorem
111111120ιῖ0 1111111111111110. ιι 00 ¹⁷
fartim 1158, 8* 523, 10 ’ forensis 133, 13
fas 100, l. 230, 3. 372, 12. lidii-inu 142, 27. 148, 21 formica formicinus 70, 18
504,1. 11481120 fidicula 105, 232424 1011111110 122, 13. ΙΙ 270,5
fascino ll 281, 10 000 420, 11. 461. 0. 566, 27. 1011110111 11 434, 27
fastidio 250, 11 573, 24. 11310, 3. 0110οε 1010111100, 12
1110100250, 10 112100 fornix 160,1 ’

. 111111111250,10.111110,21 lidus 11210, 10. 210, 5. 301, fors 188, 4. 1180, 27. 78,

, tauns 1010 11 ’111110
fataliter ll 70, 21 ligo 401, 0 forsan 1170, 6. 80, 27. aaa
· 111101 420, 0. 438, 21 ligura 1110110011 177, 0. iff- 16
1000101420, 8. 438, 22 ferae 0, l. nominum 177, forsit 11 78, 26. 70, 6
fatuito ll 70. 21 0. 1110211. 103, 2. 110- forsitan ll 70, 0
fatum 11480, 13 merorum 11406, 1. apud fortasse 1170, 0. 86, 27
fanco 16, 18. 22, 4. 25, 8. Graecos 11406, 0. 407, 8. fortassis ll 70, 61
450, 20. 400, 18. 477, 3. participiorum 568, 15. pro· forte 188, 4. 1168, 5. 70,6
480, 10. 51)8,14.500,16. nominum 580, 10. 00150- 1011011011170, 10
11 150, 20 ’ rum 434, 20 ,fortuna fl 521, 37
fautor 10, 18 , lllnmen 120, 13 1ο11011111111111481,15
faux 323, 21. 371, 10 (ιι. lilius 10, 0. 305, 8. 11210, 1011000433, 20
add.) 23. 448, 1 · 10000 22, 5. 452, 12. 450,
fax ll 521, 6 filix 105, 12. 107, 5 20. 461, 12. 508, 15
felix ll 12, 2 Fimbria 143, 6 fractura 11513, 10
Felix 347, 12 llndo 450, 23. 517, 13510, fragor 435, 5
1011100238,15 10 frango 22, 7. 438, 1.21.

1 femor ll 524, 2 lluirc 11303, 2 . 550, 22. 400, 22. 407, 2.).

femur 237, 8. tona 01110 141, 17. 100, 10. 11 523, 12. 524, 17. 11331,
100110 435,4 . 361, l 12. 513, 20

10001273, 10. 11403, 28 0071, 13. 127, 1. 377, 15. frater 131, 13. 11286, 12.
101110 1171,0 402, 0. 420, 11. 430, 0. 352, 13

1011100 470, 10 405, 27. 506, 23. 573, 24. fratruelis 131, 13. 1128012·
ferculum 125, 10 508, 10. 11112, 15. 220, fraxinus 11525, 18
10101168, 23. 71, 8 5. 271, 8. 1101001111. fretum 170, 3
0010111111111101000110011120, 18 010 127, 1. 0111 337, 10’ frctus fretum 27, 4. 170, 3.
1011110170, 16 01111011 70, 6 204, 4

10110 418, 20. 500, 13 1111111101· ll 70,6 “ frico 468, 26. 472, 12. 570,
1010 418, 20. 430, 8. 454, 5. llrmus 03, 20. 11405, 26 21. 11520, 27

550, 23. 101325, 0. 373,4 fiscina 80, 14 frigefucio 11270, 22
ferrcus 00, 15 llnbrum 0110000111 111, 11 frigidus 0, 20
ferratus 442, 5 flagrum flagellum 111, 11 frons 1101100 27, 1. 281,13.“
10110 ferror 442, 13 01110011 126, 13. 140, 5 1 11478, 1. 503, 18. 515, 0
intitulatae flaminica 140,5 frons frontis 100, ’12. 281,
101000 378, 12. 421, 24. 443, flebilis 132, 23 13. 11477, 375150

22. 478, 18. 470, 11. ll 00010488, 4. 530, 10. 572, frugaliter 11 50, 6* ·

208, 8. 270,5 6. 11480, 35. 513, 33 frugi 121, 10. 204. 12. 504,
101013010111525, l 0110420, 24 3. 11 141, 8. 224, 12
lento 378, 12. 443, 22. 478, llos floralis 131, 5 1101001110175, 17. 170, 8

18. 470, 11 linctus 488, 7 110010οω110 75, 10
fessus 420, 8. 112225 0111110021, 0. tant 0011100101433, 20
festino 11275, l 000450, 20. 401, 10. 488, 11001500, 1. 11333, 22
1001101101 ll 71, l 4. 503, 14. 505, 25. 11 frustillatim 1158, 6*
1001010001111111111011111111300, 513, 34 frustror 370, 10. 380, 14

12 ⁴ fluuius fluuialis 130, 25 frutex 160, 12
01101232, 10. 418, 10 101110 401, 12. 477, 14. 408, 11011001 433, 11
00111418, 10 5. 11527, 20 01111180, 0. 204, 20. 278,
llctllis 131, 20 fodico 432, 3 12. fruges 180, a. 20120
licus arbor 267, 4. 11445, follis follinus 78, 24 11131111, 25. 10, 10. 36, 10

20. 408, 14 1011027, 1. 300,7 10010200301110110.

 

