542

1110111 3031070018 ’

0111111311. 2, amq. 433, 24
52 sqq. 218, 23
7111. 4721
3,1 11800
20 112118, 10211, 1
48 1141528
75 205,0
4,0 11 05, 23
37 3307

3, 11 131,
3 33
¹ 1

11
15
11

. 07 5500133101.)
111 113111, 13
88 583,10.11100,17.

102,
3007
1111111301

10. 205, 11.

100 450, 4. 114002
01031. 537,11

40 333, 4. 350, 22

5011. 4708

70 115208 ’

Petronius 381, 2. 507, 10

Pherecrates 3111111111 κραπατάλλοις 11 328,
11. cv 111131111313, 13

Philosophi 5, l. 13, 23. 58, 20. 551, 18

Phoceus (p. 1715 P) 515, 10

Phroeniehue 11. Phrynichus

Phrynichus comicus 11 305, 2. waetel-
αις 11 173, 4. τραγῳδοῖς 11 350, 20

Pindarus 244, 10. 11 427, 1.

113, 11

0. 8. 10. 13.

Piso Frugi in 11 annalium 510, 23. 1115111-

riarum 1 407, 0

Plato comicus περιαλγεῖ 11 317, 17. 351,

22. συμμαχίᾳ 11 285, 8

Plato philosophus 11 480, 14. ἐπιταφίῳ
11 305, 17. ἒν προτέρῳ Ἰππαρχικῷ

u 311, 3

1111151311. 1· 1 p. 104148ορ11. 11204. 20

2 p. 104 Ε
p. 105 Α
p. 105 Ε
11 p. 115 G
17 p. 121 D
11 3 p. 130 C
apolog. Soernt. 1011. 28 C
wfflmss
0113111111. 4, 7 p. 155 Ε
7, 17 p. 100 0
. 23, 51 . 1751)
conuiu. l p. 17311
31). 175 Β
15 ρ. 101 A
0111011. l p. 43 D
eamn
5p. 45 B
8 ρ. 48 Β
14 p. 52 C
Euthydem. 2, 5 p. 272 E
11, 20 p. 283 A
17, 4511. 200 C

111331. 11
11133, 11
11 1111, 13111
11131111
113333
11131, 13 ’
1133113
111311
11133, 13
1113111311
11333, 11
11333, 11
11335, 11
u 1313
11333, 1
1133113

11 3111, 10
11333, 1
11311, 11
11331, 13
u 313, 13
11331, 11

2111101113. 13, 32 p. 458 Ι) 11 2004281011
1111155131 23. 42 ρ. 200 A ΙΙ 3400
lon. 11153017 1130017
legg.v11113p.866A 11231.14
111121104411 11291‚11
41104οΑ 1131315
Lysid. 51320012 112501
51121οΑ 112535
spen& 113500
Meneoe. 2132350 1134018
71123713 113021
Menon. 1211. 7οΑ 113308
ΜμΜΒ Imm?
Phaedon. 1,1ρ. 57Α 113407
40101110081137012
1111113111. 10, 23 ρ. 2341.Ι 11370, 12
35, 751). 25414 11311, 18
01111111. 44113000 1131013
Protag. 2, 411. 310 0 111811330111
’1020113200113702
1111113111. 1 5011. &gello g 550} ἔῧ
p. › ·
24133543 1120010
1131133113 11111111
1117133040 11324.5
113011] 1130015
0133071) 1134021
17114100 1131010
1121150814 1135010
Τ1111113.0 ρ. 1271) 112500
Τ1111. 1 p. 1811 1117013
311310 113305
Plautus 203, 10. 357, 8. 11 71, 1. 418, 2.
111 carbonaria 51011. 13013111311111·
115111 280, 17. 111 1111013111 188, 25.
271, 2. in Lenonibus geminis 231, 21.
111 1111111130522, 14. 1111111110 480, 17.
111 1111111111τί3 123, 27. 152, 8. 102, 13*.
224, 1. 0. 22014. 300, 5. 317, 22. 528,
21. 117,25, 50, l*. 110311111111111111·
228, 0 (11. add). 321, 2. 501, 10111.
11.
11111101 sqq. 11421, 20
110 eq. 10017
1 1, 1 sqq. 114223
11422, 12
11422, 18
11422, 14
10 11422, 10
158 11500*
015 257, 7.
10 11500*
111,4 11500*
75 11500*
84 11 511, 3*
2, 213 11500*
11105 115010*
10 500, 10
1’1,00 115010*
111Α11111111311,28 0023
3.οΩ 11501*
11111,11ᾳᾳ.507
1’2,0 50010
in 1111111111νὶ3 ,111012 223,15

 

