558 11101111 8011101011οΜ

Vergilius ,1311111101 ι Vergilius 1111111101
,111111 252,1 , 112133 111801
100 230, 20. 331,2 118 sq. 350, 20
17313 1110010 138 188, 20
171 1121021 503 11188, 21
22013 1155, 10 307 335,1
270 sq. 303,211,305,15 533 sq. 515,Ιο
28313 100,Ῑο 531 351, 15
28513 310, 23 505 112032
20213 301, 20 011 210,11
200 sq. 202, 23 010 11222,17
300 32,1.102,35* 115013’11210,13.210,0
31313311225,0 , 00113 113002 ,
317 1132,1.37, 18 700 32,1
318 1100111 727 301, 10
35013 11310, 3. :ml 70113 3507
381 eq. 301,10.13 820 1101,13
138 11352,0.371, 17 88213 1115,11
153 113001 005 1008
10013 510, 21 , 020 11 323, 23
50013 11113,0 031 1107,1. 102, 23
532 328,11 01813 11307,13
570 312,11 031111301111111212,10.380,10383, 12
018 510, ll Vin-lor in arte gmimmatica de syllabis 11. 13
330, 1 Victorinus arte grammatica 113131111ιί1 11,
” 11,0.71,17,11111,2 13*
300, 22. 303, 1011301, Vindex u. Caesellius
13 Virgilius 11. Virgilius
503, 12 Visellius 380, 7
1171, 25. 77,2 01311111138111111111111500,3. 1111111 xm
111113, 5 ad edictum 07, 18
513, 20
77113 218,10.251,1
785 20311 Xenophon 11311111. 7,5 111111, 21. 3733
820822 110, 8 1111111111. 3, 210 11352, 5
832 eq. 510, 21 l'yropaed.11112‚l 11371,1
815 235, 10 , 01,11 11307,0
85013 1187,18 Vl 3,1 11311, 22
· 873 515,Ιο ’ v113‚7 11358, 18
000 112032 5,12 11327,1
11111 11511,8 11111111. 11111, 10 1132011
25 23318 8, 22 11203, 12
307,7 liii-rou. 7,1 11301, 20
130, 23 Hippalci. 1, 10 11202 3
q. 111311 memorab. 11,11 11111,ι 13. 3111131
23018 2,1 11278,17.207,3
11270, 5. 205, 11 7 11212,10
· 305, 25 10 11180, 23
211 302,5 10 11171, 23
208 1187, 10 51 11171,25
303 11357, 11 112, 11 11311,3
311 11303, 13 3,1 11172,3
31113 10018 1111 ll, 0 113207
315 102, 20 (1113110111. 18,1 11201, 8. 3033

 

