1 .

11191111 11611111161 10919910111411 579

11276, 21. 311, 16. 331, κη ρός156,6 lacunar 118 9. 222, 6. 11
19 κι3οαριοτής143, 10 523, 22
55 3135 55555 335, 33 5353555 533, 33* 555351, 35353, 31333,
135265,9.273,11. 11493 31λείο3407, l ll. 365, 5. 11445, 3
. 23 · κλίνη 257,5. 11445 30 155113 421, 0, 446, 9. 461,
iusiurandum 177 18. 118, 17. κωβιος 20’, 29 255, 3 1911325, 5

13914. 449, 5 κοχλίας 333, 12 Laenas 155, 13 (u. add.)
iustus 149, 4. ’11 398, 18 κοιλονιιοιλονΒ922. 11467 Λαέρτιος Laeuius 392, 3
1333471, 1, 474, 24. 4595. 19 1313130303, 15

22. 46911, 561,12. 11 κοκεῶν214, 19 153333891939915, 11

529, 33. iuuat 11’156, 25 κοινος 489 ’11 397. 5 358, 25

229, 23. 2395486, 2 κολακεόω 380, 2. 333, 14 λαγχ313311323, 22
1333535115 1335311115 131, 6 κόλαξ 323, 2 13311356911
13353311533333333333331333335, κωλόω11323, 15 λακτίζω 11’ 356, 13

17,347,12 Κόμης 245, 1’ 23325411, 13. 451, 13. 1α-
iuuenis 353, 8 κωμῳδία 4’0, 3 7 ητὲος’ 411, 15 ,
iuuentus 13535, 21 κον”ίὸιονΙΙ478,2,503, 19 λα 33113133 ὃίκἠν 11 397, 19
1333351144, 17. 291, 11 ,κόφινος 100. 3* 1533133 5116, 24

“ ix 113133 uomina 14914 κοπιῶ 11323 12 76111pas330, 12

355, 11:122, 24.11626,24 110'11116611 34 m 11323,6 1115· 5 46,’ 11
κοσκινίζω 529, 11 133313491172, 15
κ1193338, 21, -12, 5. 13, 9. κοσμῶ 233, 18 langueo 477, 15
1436, 3 491, 11 111 25ρ κρατήρ 156 5 11595, 34 1333112323
Κάλχας 239, 9 κρ ι 214, 19 Λαοκόων 229, 13. 254, 2
1151331155 11 3791. 370, 14 κρίνω529. 11. κριθείς 563 lup iiius 196, 19
Καλλιόπη 24, 1’7. 1131233- 2 11 463, 24 14p1s10616.246,8. 11524,
3333349135 - κρίοις563,’2. 11463, 25 23
καλως 11 482, 22 κρομμ μοοπο1λης 293, 20* laquear 127, 7. 222, 6. 11
καμμόω436, 15 κρυβω 445, 21. 597, 23 523, 22
κάμπτω 541, 14 κἠβερν ρνήτη ς 29, 30 13335311 469 28
καρτερ ρῶ 11 322, 6 2611316151 13314911, 22913
καρ οον 30, 23 κυνηγετῶ 11 454, 17 large 11’10, 4
16171126', 15. 27. 37, 29 113133 ρος 26, 24. '11 476, 31 13ι” gio 392, ’21
41, 26, 49,.1 5914, 321, Κῦρος 26,’24. 271, 16. 11 1618'166392 21. 433, 27. 11
18’ 322, 23 ,53 3. 476, 30 , 273,1
καταβοῶμ αι 11 322, 20 κό9ραχόθρα440, 14 133313311153, 7*.8*, 70, 4
καταχρῶμαι331, ll. 11320, Luriuus 123, 25, 11 524, 12
14 - 1111133321, 5. 15 29811313 lassitudinum ducere 11
κατανελῶΙΙ322, 12 add). 49, 2. 11 407, 1. 323, 12 ·
κατόνννμι 11 321, 11 numeri siguum 37, 3 lassus 263, 22. 566, 13. 534,
κατ31331184, 9. 323, 6 13131353333333131133120 7 1112225
καιτηιν ηιέἷωῖἰῶ, 23.’ 430, '4³9m914995 96¹1 471, 9’ 53313314ιέ111 5521, 21
353 353
κατακραζομαιΙΙ 322, 20 Labeo nomen proprium 121, 1133189311 (u. add. ). 228,
κατακρο ῶμα 311320, 4 17 29. 11’146, 16. 523, 39
κατα1”’”ύω 11 ””’,323 6 13133 402, 27 · interna 120, 20
καταμελῶ 11 321, 27 13533 uerbum 339, 16. 402,151333140,11.169,13
καταφρονῶ 11321, 13 27, 438, 26413, 13 Latiaris 133, 5. li 515, 21
καταπονῶ 11 361, ’10 labor labos 185, 4 133333533369 8. 1146112
κατα ρόομαι332,4, 113290 laboro 11 269, 16. 273, l. Latinus 11 476, 7. 51916.
κατ’ anm 11392, 13. 319, ’13 laboratus 501, 17 Λατῖνοι 115, l
καταοτρωννομι403, 12 15314916. 2191. 324, 3, Latius 31515, 2'1
κατ4χ311325, 16 15313 21, 16. 212, 5,326,1.313331.3131315563,12
κατηηορ ρῶ 11 321; 7 24 . 15333121, 17. 146, ’8
κατεύχομαι 11 322, ’11 lacerna lacernatus 441, 24 latrunculus 188, 9
ηηιὲθημαι436, 16.’11391,5 153333 438, 27 13135274, 13. 24, 1149321
9ζομαι 11320, 19 lacerus 535, 7 · 153131116925,1531333135
“ καθίζω 11 306, 15 lacesso 431', 16. 524, 2101. 138, 1
Κατιλίνας 143, 7 3331), 11’514, 11 1533 390 8. 403, 6. 452, 12.
κατω 1144, 4 Λάχης Laches 244, 13 459, 6. 466, '16. 471, 2.
κήδομαι 11 ’,168 13. 175, 26, lacrimabilis 132, 7’ 475, 25, 480, 18. 598, 13.
177, 20 lacrimo 11 275, '16. 486, 27 55928. 569, 16, 11526,
κέν.11’ 109, 5 1533331333313613533393, 15 3315313513515 1918,
κεράκιον 11499, 4 lacuna 78, 5 39, 8

37*

 

