18911111 SCRIPTORVM

Vergilius bucolicon

3, 59 1165, 8. 229,5
· 6235. 111728
0955. 424, 15

77 1195, 21. 267, 4.

mo
8655. 11 185, 0
55555
nme
55
· 55
555
,. 55
: 555
” mm
53

. *11 181, 22. 235, 12.

340,16
175, 17
45555. 336, 23
47 329, 15. 540, 16
87 575, 7*
11335. 520, 21
ow. 11246,3
5855. 1179,13
6255. 115, 7. 165,2
LI Hffistffiss
11 475, 11. 558, 21
33 2632
8, 1955. 11275, 19. 326, 23
21 11302, 18. 319, 21
22 sq. 177,2
28 144,15
32 11321,16
41 1186,11
58 465, 28
113 11228, 27
71 413,5

75 223, 7. 339,13. 11523,

241¹
5 58
m 555
5155
w 55555
555555

30 1185, 2989, 26. 479,

555,

5 555555

16. 3284
5355. 387,4
10, 28 11296, 22
411 1190, 23. 91, 19

ι555ςί55 1 43 sq. 398, 11

m 555

= 07 sq. 1153, 31

73 175, 17

83 11 3112, 19
555555

99 11 273. 25. 286, 10.

mn
5 55
55555
m 55
5 55

Vergilius georgicon

55 555

51551

m 557

5 Μῃῖ

5 55

55 mmmmm,
557

5 55

mama

5 55

Ι 208 366,11.367,-1. 11

55
50155
15’55
5 555 ·
261 sq. 519, 12
25 mm
35 55
am 55
35 55
55555
m 555
5 555
55555 ,
mamm
55557
Q nffiffimst
4555
51555

11 1 1132. 17

7 424, 6*

19 154,13

mm Hfflss

33 sq. 532, 13. 534, 11. 545,
6. 569, 36

19⁸qq. 11256,1

76 sqq. 438,5

87 295, 17

97 11185.15

135 388, 29. 11272, 22.
2734

170 62, 22. 11498, 21 .

175 360,9

189 165,12

196 192, 36*

223 11217,8

250 397, 22

289 482,17

336 sqq. 11256, 0

382 sq. 64,11

384 54018

389 11474, 7* ³

403 sqq. 1181, 26

426 1146, 21

425 390, 25. 393, 16. 432,
6. 11364. 11

’437 11 158, 25

438 sq. 11230,1

443 309, 23

468 112186

472 1129321

483 11289,5

487 72,1

 

