INDEX SCRU'TORVM

2,14. 160, 8. 174, Terentius ῑιι Hecyra
7. 207, 19 1114, 7 3-14, 13
Terentius io Eunucho “ 18 247, 20 (meld.)
11113, 24 11507, 7 5, 15 428, 20
4, 2 1174, 1 1111 1, 10 450, 17
10 118, 22 57 531, 3. 544, 0
13 1173,Ῑο 4, 1039. 288, 22
26 11 310. 8. 368, 15. vm 238‚2
-376, 10 3, 38 257, 23
2039. 1181, 12 inl'l1ormionoprol.loqq. 11423, 16
31 119, 11 11 11 70, 25
11 318, 12 31 1194,Ιο 50011*
11 318, 14 11,139. 11423, 20
1181,16.284,1, 2 10016
1173, 22 7 11904
, 9. 11 20021. 352, 22 2,1739. 497, 0. 11328, 10
· 113700 “ 1939. 11255, 23
578, 24 . 2739. 1135013
110025 36’ 47,13
11 101, 3 38 11 100, 18
3400 3839. 1126, 24
. 4803 39 11 463, 16. 514, 23
· 11194,12 4339. ’11005
209, 10. 310, 2 48 11 42. 14
286, 10 40 392, 18 (u. odd.)
111805 7139. 112500
11228, 30 73 1128023
3, 1039. 11244,’21 9739. 111303
4, 1 11325, 13 3, 2 258, 3. 11 188, 3
26 11 294, 12. 3000 5 11 60, 18
5, 5 378, 25. 11274, 10 “ 4, l 152, 5. 335, 0
1039. 11705 20 1128018
01399. 197, 21 20 113001
3 117, 10 ¹ 32 11 455, 30
8, 2 11340, 8 42 300, 19. 537, 4
in heautontimorumeno prol. loq. 11423, 0 45 11 280, 14
, · 2039. 30012 51 114102
11, 15399. 4001 11 1, 18 385, 13. 567, 15
0839. 3401οι ’ 19 1508
20 30012 4042 11006
110139. 113208 71 11003
30 117, 14 73 11337, 10
3039. 10018 01339. 111309
44399. 208, 11. 363, l 15 11 332, 9
50 1129, 28 29 84,17
103 1181,0 0439. 113704
110 11601* , 1039. 1165,1
111 1, 51 529, 23 27 487, 11
1111 1, 0 40020 ’ 11 354, 1
3, 30 112028 . 1197,0
5, 3 503, 15 · 11327, 20
21 ’420 5 4, 14 11 170, 18
09 402, 3 111 1, 10 1162, 14
20 401, 22 2, 10 11 3411, 4
8, 239. 5003 16 30018
112,8 1140, 0. 208, 7, 35 301, 20
309, 13. 351, 20 4039. 113108
41 500, 18 42 11 23018. 243, 0.
4,4 3500 244, 10
5, 21 247, 10 46 1113020*
in Hecyra 1 l, l 11423, 13 3, 8 11400, 31
06339. 48018 1639. 1145020
102 104, 14 30 11320, 17
1113, 11 533, 11 (3.33132.) 1111 1, 21 583, 13. 11192, 4

 

