uuux uuuvu 64 4664666646 , 664 ,

6146112786 1663461ομ234,22.296, 131, 29.2,.408247, 5.
4414666464 11 269, 29 9. productam, 8 249, 7. 255, 9. 299, ’16.
44161466 426, 19 4466441664 (ef. uouuluntluus) 266, 2. 269,16. 336,12.
5150 444 46. 44 4644 446, 466, 4. 446, 6. 464, 6. 44 666, 15. 461 46 6414
19.26,718.,46923 171316221323 51511178208231.
6147,19.1129,27.79,1.1.114,13.147,17,160,490,1
469, 23 ’ 6. 16610. 20214. 20316 uterque 179,16.181,l7.
610616666464412317. 147, 204, 66. 206, 2. 208,10. 162, 16. 117, 9
6. 214, 4. 313,1 210,’11.239,1. 61636144-64161111132,196
6161666390, 24 - 64166164061166414666287, utilis 131, 266. ·,11219 4. 472,
ulciscor 306, 24. 11369, 2 16(44. 515) 46666666300, 22. utile 121, 6
4416446274,13 , 7. 301, 17. 303, 1144 add) utinam 11 01, 3. 80, 12. 89,
‘uligo 11922, 34 »φ 464, 29. 11467, 7. 911, 23. 196, 1. 239,’13.4946
Vlixes-Vlixem 39, 14. 276, 20. tertiae 277, 3. 288, 12. 512,11
4. 277,6 15. 330,16. 4464446303 ulique 161, 24, 182, 20. 11 ·
61164806. 100, 21. 227, 17. 20. 6616446300, 23. p-ro 1600, 16. 912, 16
266, 616. 117, 6. 23, 9. nominum 662, 13. 969, 66.20 646 utor 390, 29
139, 22. 419, 27. 449, 38. graccus in η 6277, 1. 289, utpote 1106,·’12 .
61144144 219, 7 9. 6646466444 46 eus 301, 7 44446 1172, 29
ulterior 69,4 ,wmbulum 55, 7 124, 1· utroqueuorsum 1196, 3484.
44141466 11 110, 6 s 396 24 64141.) 79, 22
646644 66, ’4. 664 40230 46464 44 46, 8* (11. 444,)
5151 u 46 44. 464, 44 ¹¹⁰⁰⁴⁴⁰r⁰r 334 1⁴· 3444 ²⁴· 5555 44 646, 46
5551 646. 4 434 4 5515 44 464, 16
⁸ 4414461172, 21 4444112144 2 uus 116146 nomina 130, 4
um 11u115 66444646 123, 23. 6613642314 uulgus 27, 141 284, 4. 276,
1461321919 661646 403, 11.443,16 8. 295,6. 11449 27. 493,
umbella 110, 10. 231, 3 uelle 403 11.443.16.454, 10
66444614 44. 516, 1 11225, 4. 444, ..unus 44466, 20
6466646 397, 27 24. 269, 2. 490, 20 Vulteius 303, 0. 309, 4 “
nmeo umeneo 397. 27 6614461114 132, 20 66144446614646466146664207,2
66666611130,9’6616664193Ιο 11 923, 26 Vulturnum 170, 9
6461411409, 10 uolno 16, 17. 969, 29. '11 uultus 261, 16. 626, 3. 971,
unciola 113, 1 346, 23 ¹ 20. 1141462
6641441163, 16. 123, 19. 132, Volux 166, 13. 107, 1. 279, 64141466664146140, 20. 166,
23.134,13.136,20. 193, 9. 32314 13.323,14
14. 3386 6 nomer 4464614 249, 6 uxor 11924, 1
661661ςί441 11311, 1. 416, 6 uomexl49, 12 -.
undeunde 11 135, 620 44044414068 x l1'‚tler118 11.18. 10, 3.
6641466183,1. 112919. 664661149321 ·,l2 3.18. 33,13. 51,1
3463, 3 5015,1.5,4.17. 444166- 56110166, 12·
6441643317 1644’9, 6.6 1111464685, 8· 11111111511551155106 19. 166,
ungula 116, ll 1664416414469, 7 “ 10. 278, 2. 326, 2. gruecu
unguis 346, 10. 903, 16 641161446οηί446 127, 20. 194, 160, 24. 260, 3
unguo 903, 16 24. 237, 20. 319, 25. ll ξαίν4111328,’16
64416444 11419, 27 5245 ,515552211
uulonomen 11415, 27 44466321, 9. urbiumnoruiuu 3641911288, 16 “
55105051155445, ll 321, 96. 1166, 4 xo 1144144 uerba 429 19
uniuersus 44414, 27 urgeo 960, 9 ξύμμαχος 24, 12
666 449, 11. 11 ’,419 27 64646719, 902,Ιο 932, 22
6446644144 uomina 319, 24 4446116116 nondun 320, 10 41144646119. 9. 6. 12, 19
44661187, 9. 528, 27⁸ 446 06144 numina 70, 9. 134, 38, 17 v lium 26, 2.
uuus 161,7. 188, 21. 197, 17 161, 26. 29914. 272, 322, 29
13.221,9.2611,6.112, 10. 2676,19.3211,10. 11 66966 ωψ,271 2
21. 7 6.136,1. 197, 3 444, 266 929, 2. 1664466661· 61ος 11 484, 31
449, 37. 661 nune una 11 16644 269 23 ”Τλη1141666470,29
414,12 usq 66646416 11 98, 94. us· 15 43444166 679, 264. 11172, 22
uuus quisq ue Π 50417 que dum 113206, 19 6111161444 6664614216, 3. 219,
6664416416 7. 8,.10 55. 11, us quam 11 135, 22. 136, 4 14
27. 13, 21. (44. add..) 22, 11641111111158,8’4 661141060211370, 15
1.23,13.25,4.44414181-118104538,416 234110224414411311410
4649, 30. 5116550555354, 66646 9636 3 vu 4664113714
5 breues 51 20. 62166- usus 11 431, 29 6 6260 11 38, 811822, 371,
4643239. liquidue9,.311 nt 1186 9. 67, 16. 95, 6. 7373, 13

 

