1110811 RERVM 111 10048110010 501

. . 584, 13.585,15.111,3. sepriense, 1354, 17. 358, Ptolemaeus 70, 25
3,18.12,20.18,12.18, 31315 πτ1113111170,25 Ι
15. 173, 21. 108, 11. 204, προςαγορεὸω 403, 10 πτυρομαι 403, 12
20. 440, 8. personae pri· προςβαἩω 11351, 14 puber pubis 240, 21
mae 577, 8. 578, 10580, προςβλὲπω 11 350, 8 pubertas 128, 14
0. 582, 10. 58011. 585, apaullon 11 351, 3 publicus poplicus 20, 10 (o.
11. 531, 11. 1113113. „qemun 3331313331 aue.)

, secundae 571, 0. 578, 10. 548, 10 Publipor 230, 11
5800582 10. 58012. προςη113111352, 13. προς· 131133 432, 12. 501, 10. 11
53511531, 17. 11 11, 1113111133, 13. 351, 12 133, 1.. puna 333, 27.
17. 202, 20. 1311133310, προςέλεοοις 11403, 27 11 148, 14. 158, 31. 230,
11. 11111, ao. 112, 15. 115111151311353, 12. 433, 7. 231, 7. 23114. 311,
153,13.151,1.133,11. 27. 131, 11. euocetu- 11.313,13.113111111,1
grneenmperaonornnttrtam οτέος 11 404, 14 poenitio, 18. 231, 2. 502, 5
581, 10. 580, 10 προςεΰχομαι 11 310, 18. 1131113231,14

113131311311313133112,0 3543 11311113113, 18

133333311111531, 13. 582, πρ311313111355, 14· ’ 1131231, 1311131111). 5020

4. 23. 588, 0. 10. 501, προςκαθέζομαι 11350, 17 11313110, 11. 231,11.502,0 .

22. 505, 11. 507, 13. ll προςκέπτομαιΙΙ 355, 0 puerpera 231, 1. 370, 5

2, 4. 3, 21. 101, 24. 107, προςο1113111350, 5 113111 ’231, 13 (o. add.).

14. 100, 12. 170, 30. 204, προςωποποιία 370, 0. 450, 3010 “
25. 218, 15. 403, 34 11. 587, 24. 11437, 32 pigritiae
praepositiunnr 570, 10. u apotolicis 403, 11 pugnus pugillus 100, 15. 18

14, 18. 112, 0 prosper prosperus 225, 10 puliinurux li 520, 4
principale ll 144, 21 prosperitas 228, 17 1113 320, 12. 325, 20
111311013111575,1*. 517, 0. προςφέρω 11354, 15 131131240, 17

582, 8. ii 3, 21. 14015. προςφωνῶ 11 354, 0 1111133111 523, 22 ,

1004. 107, 24. 4408 113ῄοί3 11213, 27. 207, 22. puluis 175, 3. 170, 1.. 240,
. 13111311191114, 18. 17, {izi} g. 351, 17. 35011. 11. 1416320528524 3 H
. ..13113111113111 ...511313 n 351, 21 Ρι1130, 20 ’ ’ ² '
1311331113 li 170, 11 · προςτᾶοοωΙΙ 302, 22 1131331321, 1107
1313111113578,12. 181121, prostibulum 124, 12 Puniens 40, 7

15. 125, l. 128, 8. 10. 113311143018. 1131131117, Ρ11113333311113148,1.201,10

142, 11. 28 18 13313 40, 7
retransitioum 11 17, 10 προτεραία 11 303, 15. 373, 20 Penius 0111113184, 0
31111131 580, 10. 1117018 πρτξτερα 11303, 15. 373, 20 puppis 320, 4. 3307
1131113113113570, 20. 580, προτερον 11 20, 14. 40, 10. purgamen 1202

14. 1114,8.112,0 3300 . 111111311171,14
3111313111 18, 13. 108, 11 113131111311171, 3 1111111121, 24
transitinnm 582, 8. 583, 7 proteruus 1140, 13 11111131111441, 24
tetraptoton li 2, 8 protento protestor 397, 1 1111111311121, l
triptoton 112, 7 protinam 1158, anon 50, 7* pus 103, 11. 275, 0. 11445,
pronunciatio 0, 25. 7, 7. 0, 2. πρῶτον 11 350, 21 · 28. 403, 13
, 13, 18. 10, ll. 45, 13. ii πρότονος 100, 10 1113110022 .

405, 14 πρώτη 174, 4 flium 245, 3
προορῶμαι 11 351 13 πρωτοτοιιος 11408, 10 11315ςῖ1113 11470, 31
1313114018. 40, 23. 201, προτρέπω 380, 2 πυνθάνομαι 11358, 18

11. proprior 85, 12 pronideo 11283, 27. 207, 22. 11311131111333 20 0
11313131180, 13 358, 11 Pyrrhus 175, 8
11313111311171,5 . 1131111321, 25 Πυθαγόρειος Pythagoreus
propero 11 271, 11. proximus 31, 15 71. 3 “
propinquo 305, 0. ΙΙ 303, 20. prudentia 11375, 24 Πυθοῖ 11 350, 12

300, 17. 323, 14 11331311111113142,12 πύξος 20, 19 ,
propinquus 11210, 27 πρύτανις προτ31131131432,23
προπορεῦομαι 1140, 11 'l’ 1111313 33, 7. 507, 23 q 1111313 8, 21. 12, 5. 13, 0.
proportionalium ps linita 33131113 280, 10. 14. 30, 5. 13. 47,0. 11111,
11311311128, 18. 31, 22. 43, 320, 3 25

1. 50, 21. 345, 4 psallo 520, 20. 527, 21 (1131112310. 132, 24. 134,
propudiosa 11 50, 8* ψέγω 451,1o ·’ 13. 130, 20. 3417
propugno 11273, 1.eeo,1 utorio 3805 Ι 1111111311135, 21
prorsum 1175, 15 psile 11 520, 15 1131111311138, 10
prorsus 11 50, 71. 75, 15. -113 501, 22. 503, 18. 505, (11133133311408, 20

13, 1 17. 11111, 2 11131115 11511513. aaa.)

 

