508

toga 25, 14
togatus 441, 15. 562, 15
togo rogor 442, 13·
τοιγαροῦν 11 360, 4
τοίνυν 11 360,4
6111615634
tolero toleror 307, 2
16116 418, 20, 526, 14. 528, 6166616166 135, 24
, 1. sustuii 34 11. 410,7 11166666 plebis 440, 0. 11
mmmmmnmolma ¹
6661 tonino ui, 6. non, robustos, 63116, 1
4. 263, 22. 11 445, 0. triceps 271, 11. 352, 24. 11
5235 182,15
1666 468, 27. 473, 12. 526, τριχεῖς 11413, 20
28. tonat 450,0 tricorpor 236, 5. 271, 12
166661371, 13 tricuspis 161, 2. 251, 8
16661116616371,3 tridens 343, 14 ,
tonstrina 126, 10. 11463,16 11166611 408, 26
6661111371, 13 trifariam 11 74, 20
16161 123, 5 trigae 11 416, 32
1616616111523, 22 trimus 11 416, 24
τόρεομα 11 400, 22 trini 11 413, 20
toreumatum 201, 2 6166661666 202, 15
torpedo 122, 13 triplex 340, 4
torqueo 487, 8 488, 11. 501, triplico 11 416, 5
10. 573, 3. ΙΙ 277,8 triplum 11 410, 2
torquis 160, 3. 160, 18 ΤριτολίτηςΤηὲξοΙί1616682,4
torreo 403, 17 triptotu188, 1 . 112,7
161116 160, 17 166666166111480, 10
tonsor tortor 487, 8 · τριοσοί 11 413, 20
, 1616116111 att tristior 02, 13
tot 575, 21¹1. 11224, 128, τριτός 11 370, 6. ἣμιοοτρί-
11. 166, ο. 466, 4. nol, 1664666
,27 ' , triumpho 46, 12. triumpha·
τοτε τοτε 11 368, 17 166 561, 17
totiens 1178, 22. 88, 10. 132, triumphus 20, 10
10. 415, 25 trochaici uersus 11 421, 8.
totus 227, 0 (6. aaa). 260,’ trochaicum metrum 11450,
10. 575, 5*. 112, 217, 0. tctmmeter trochaicus ca-
6. 440, 30. 402, 6 . 1616611666 11 410, 12

1116116 Π 416, 17

Treuir 153, 10. 206, 6. 11
444, 20

triangulum 11471, 1

11156661 118, 6. 123, 4. 214,
10. 11523, 7

tribunatus 11 523, 3

“ transnominatus, 16 Τροία 30, 20. Troia 287, 3.

1161166320, 16

tractim 11 63, 16. 75, 11
tracto 431, 4

trado 11 30, 6
τραγήματα 11407, 1
τραγῳδία tragoedia 40, 4
7161111 358, 6
1161666160, 18

trono 11 30, 5

tram 11 30, 3

uma

τρόπος 11306, 6. 333, 15.
337,10.370,2

Tros 11467, 12

truncus 263, 22

to 24, 10. 362, 13. 112, 28.
144, 21. 202, 8. 401, 6.
tuto 501, 6. 24. 503, 18.
11402,24. 1616 502, 25.
504, 15. 506, 10

transiirga 11 522, 2 tuatim 448, 2. 1150, 0* (u.

transgredior 11 30, 7 add). 402, 23. 528, 26

transitio 1114, 23. 15, 11. tuber 11 523, 30
17, 22. 32, 25. 127, 7. 168, 1661666126, 16 ,
10. 160, 27, 170, 6. 183, tueor 387, 16. 11274, 14
17. 211, 22. 231, 16 ingruium 25, 16

1166666116 1130, 6 1616 410, 8. 526, 15

trecenti 48, 21 Tullius 11 521, 18

trecesimus irtio, 10 tum 11 soa. 17

ciui τρεῖς 11 413, 20 · tumuituo 306, 23

trepido 11275, 6 166611661380, 10, aaut

trepidus 11346, 16 tumultus 185, 6. 25 ,21
mmmmmtmw
’366632

tres 355, 15. 350, 0

, ’ mosa amm nr 1661166161

1661661661661442, 11. 16-
6166166441, 24. 562, 15

16161666 137, 11

turbo¹ 207, 17

Turbo 207, 18

turgeo 485, 10

76116143, 17.201,13 .

turibnium 124, 11

Turnus 11 tos. 16. 511, 11

’1616111611 522, 11

purple ἔέῢὰιὸιιιέα 372, 1

urus ,

1616166562, 17

tus 116116 nomina 130, l

tormentae, 0. 273, 11.
11403, 23,

Tusci 26, 17

tusculum 104,1 ,

tussis 320,5

r tuteia 120, 7

1616306, 22
16611187,11.396,22. 11
274,15.314,7 -
tuttax 1150, o* (α. 666.)-
tuus 580, 18. 11 118, 25.
20115
rai 24, 10
‘aaronica eu
6666301,15 ·
Tppipoens 116566116566 73,
66666ω16
18,10. 167, 6. 168, 14.
175, 26. 471, 23
tyrannus 11210, 24,
Τυρίοις 143,0

61111616 7, 15. 12, ll. 13,
0. 15, 1. 7. 16, 6. 17,16.
27, aaa, 11. 3618. 265,
1336212. 6 consonans
11,12. 66615,4.35,10.
6161366666

u 116116 numera 123, 8. 146,

’ 15. 210, 14

6661116 378 13

6666561, 42. 6666143216.
11 158, 30. 220, 23. 230,
5. 4862

uacuus 136, 7. 11218,10.
22216

66661387, 12

6116612644

ungo 306, 24 ⁸

61661611

ualde 84, 18. 1171, 12. 74,
21. 286,0

66166460, 17. 483, 18

uaniloqnus 11 182, 0

uapuio 377, 15. 11 260, 27

uariatio92 11 1²83, 21. 18613.

 

