532 110131 80111Πο0111

Cicero in Verrem
5111111511, 146 1126015
56,147 1125011
50148 11 2501
51119 ιι 251, 12
51150 1125015
50153 3012
50154 11 258, 18. 22. 250,
4. 26016
60155 112507 ,
60156 11 250, 11. 15
60157 11250,Ιο
61157 1125023
“ 11018 3807
113233 34121
2152 48113
2060 24115
3178 42011
41104 40013
40122 3014
51130 0 414, 10
51136 100, 6. 247, 12
51141 112505
60148 ll 2500
011136 3305
1047 53114
1048 34021
2154 3017
22, 55 22020
2070 3010
33, 77 1134012
40111 30115
41112 30111
· 51132 3611
70164 34110
“ 70183 10011
1111 14 3615
1126 52020
1128 3514
1132 40018
1134 3516
2042 11120
2147 1001
3083 2104
4000 15111
4010235015 .
41181 33114
50110 1136012
V7, 15 22018
1045 3417
2157 1133017
41108 2212
41124 11 35120
50132 11 101181
51137 35016
51138 3500105611.)
de imperio Gn. 'Pompei 17, 52 480, 12
pro Chwntio 16, 46 348, 20
m 307, mma.)
3104 2808
30105 1005
41124 3006
51158 3715
61173 5202. 52124

in 8110161511 1. 1

Cicero pro Cluentio 64, 180 11018

60184 1121025
70100 20014
410, 11. 4117. 425.
26. 11801. 13011.
233, 28. 320, 14.
36017
1.2 11801
13 08112. 101111.
15115
07 11 315. 26
18 113103
015 114123
117 1124010
118 11 43133
8, 20 112804
021 1133011
022 112001
023 11 318
024 3701. 1127112
1025 1182,Ιο
1130 11 24012 ,
1033 1120020 .
011 11 8120·
012 0201024017.
27011
013 1124024
114 1124015
115 ,11 3102
010 503, 2. 11281. 16.
2011033027
1021 5003
111011 1123123
021 0812127111
1024 11 6111011117.
1111 12 58018
012 11 30117
013 ,25113
pro Murena 017 33020
0,Ιο 40118
020 38114
1126 1128013016
1131 11 74, 21
2061 2213
3073 30116
3077 5012
4100 34014
pro Sestio 1120 3403
2045 3505
3072 1010
3083 707
pro Coelio 1134 11217,Ιο 43135
1140 48015
in Pisonem 25, 50 1005
2166 1004·
20, 70 4707
3085 4706

pro Plancio 2151 10018
2063 33020

· 3080 3414
3081 52122

4006 3402

4107 3403

 

