INDEX SCRIPTORVM 539

Lucanus Phanai. Lucanus Pharsal.
ιω wsto - · 3η93333313
63 399. ll 244, 13 - 724 163, 15
66 · ll 77, 22. 85, 2. 193, 1111 639, 353, 25
19. 369, 24 18 11 56, 25

72 1196,7
11639. 316, 26·
*131 11 267, 24
151 1113214.
151. 153 472, 24
[16539. 1127611
176 ll 185, 26
179 39. 547,8
, 255 39. 11 132, 16
27839. 1127952911, 16
347 166, 7. 3·18,4
44239. 26411 .
446 ,11 175, 3. 368,4
47339. 361,9
' 481 328,15
531 526, 12
55439. 291,9 „
629 335,13
,635399.11241,18
64239. 11337, 13
662 334,14
686 329,1 -
1117 474,8
47 476, 22
9839. 3651511343
. 116 11487,15. 511,35
11639. 365, 19. 11268,7
128 39. 569,16
137 39.· 249,3
183 39. 222,19
19239. 526, 17
22539. 3935
298, 7. 1161, 3
274,1
,262,3
9. 261, 23
11 283, 4. 361, 19
9. 511,8
279,6
526,14
336,16
. 124, 22
275,6
124, 26
. 157,5
. 435, 26
326, 22
. 1191,17
9 516,17
9 286,8
138 399. 158, 22
26739. 26314
281 72, 25
299 328,17
388 11218, 23
432 473,4
458 531, 22
545 336, 2. 1153, 111
626 541,1.11325,5

23 233, 22. 295,2
33 1156, 27

166 491,14

16239. 1117427. 368,1
13139. 336, 13

275. 561,12

277 112956

414 526, 25

44639. 11278,18.297,5
45539. 565,12.559,13
482 222, 25

51939. 11342,8
54839. 1141418
57739. 391,8

631 397,13

714 514, 23
756399. 11 341, 15
78639. 444,9

78539. 11341, 21

Vll 156, 22. 316, 24.

342, 17
26 39. 157, 26
161 73, 21

xm ww

111839. 266, 16

269 525, 23

241 11 43, 17

256 39. 1321647416
322 1141184

354 39. 11230, 16
393 1157, 2

394 438, 12 .
396 11331, 22
47139. 11761

531 318, 16

·ω9Μ3

574 11282,14.361,16
671 391, 6. ll 272, 17.
276,9

69639. 523, 26

71139. 475, 15. 558, 25
741 , 1176,11

776 394, 22

784 39. 397, 28

797 39. 397, 15

ww mb'

m w

m mm
m mm
m mm
mmmm
3933
mQQmmffl
m ma
manmm
mwmn
ffllnmae·
wwfflw

.'ffl mn

 

