’60 mm

1101171107 700107108711

7. 210, 13. 212, 1. 213, 11111131111373,8 · 1111111111141111111111303, ’
14. 215, 0. 305, 8. 320, nmio msto, 442, 13 5. 11.. antiqui

15. substantiae 448, 22

uetustas 128, 10

1115111111111111111111440, 16 ,11311811Ὶῖ ’,711 264, 14· U ,81, 1111111111 130, 15. 1405
11111111111111 11210, 14 11 119111111ωηῖ9. 13. 110, 3
111111111111111111 111111 11 11111111111111111181, 10 erns 11111 11· 319· 17

1111101111 552, 20. 553, 15.

1111111 167, 5

11159, 16. 133, 7¹ ,η’ 1111468,27.473,18. 11520, uice 139, 10, 554, 2· niem,

nmfflmfflm 0 wmwffinm
1 mmmm fflfflmffiss

uituperatiuum11272‚'19 1111111 1111* 1· 111011· 113111 uicinus 11210. 27

1111111111414,10. 580, 11.
7 582, 11. 585, 21. 588, 25.

stmffifflfflfflmmwmfflfflffl

445 20
1112, 13, ιω, 131116, 1111111111 Romanorum 1111 111- 111*ss 1175, 4

152, 8. 154. 17. 203, 5.
204, 0. 210, 13. 2701.
uocandi 448, 22 ³
uoluntarium 11 130, 24
· 11111110111111224,25
3111111314, 14. 550, 0
monn& 440, 10

1111111111 11. nomen

uerbis 1111111111 311, 10

111111161111 11 71, 4

uereor 370, 7. 382, 0 ·

11131304, 10. 500, 11

uero 1100, 20. 72,125. 03,
10. 102, 12. 287, 2. 357, l

1111111 150, 14. 243, 0

1111153222

1111111111435, 23

uerso 402, 22

uersum 1175, 21

1111111111 477, 31

uersus nomen 118, 20. 250,
8. 258, 7. 11514, 27

uersus 1111111111 11 400, 2.
bmchycatalecti 11 460, 0.
-1111111111111400, 1. hy-
1111111111ῑί 11 400, 5. 1111-ι
11ιῶ heroicum 11 450, 23.

uersus praepositio 1104, 15.
138, 25. 514, 10

uersutus 11 477, 30

uertex 118, 23. 140, 12. 11
477, 30. 514, 20

anniculum 11477, 31

111113111477. 31. 514, 20

nerto 402, 16. 11 317, 4.
514, 14

Vertumnus 11477, 30

1111111883 ,

1111111 105, 5. 11525. 32

1111111147, 7. 308, 18

1111111500, 13

11111111 522, 24

uesper 100, 18

1111111110

1111111111428, 22. 433, 22

uesperi 1104, 21. 72, 5. 85, -
12. 528, 20

uestibulum 124, 10

cendi 2, 10. 24, 15. 30, 111 x 160, 5. 348. 1

18. 82, 10. 141, 10. 144, uictus 258, 15. 363. 24

12. 10815. 175, 0. 107, uideo 7, 10. 22, 4. 373, 19.
5.204,0.205.23.233,12. 450, 28. 401, 7. 481, 0.
237, 8. 243, 10. 240, 17. 11 270, 25. 320, 0. 405, 17.
250, 12. 254, 0. 257, 11. uiden 32, 7. 1111111380,
250, 5. 202,1. 200,10.· 10 .

208, 10. 284, 13. 200, 0. 1111111211, 10

208, 4. 324, 24. 325, 0. uigil 118, 0. 342, 2. 352,
337, 11. 341, 2. 348, 17. 24.11523,11. uigilis 353,
355,13. 305,2. 301, 0. ,24

307, 4. 370, 4. 438, 23. 118111 112731 ·
405, 25. 478, 11. 400. 27. 111111 1111111300, 23. 4332
512, 15. 520, 15. 534, 1. -1111111 100, 21. 11208, 3 ·
543, 20. 501, 10. 508, 0. 111111 11405, 21

8. 503,14. 11 7, 23. 01, 1111111 cella 75, 12

21. 222. 17. 432, 0. 443, 1111111274. 15 ..

28. 4481. 11111111111111 uindico 11 305, 5

107, 10. 11111111511111111 uindicta 11 365, 0

111126, 25. 27, 10. 30, 1111111111 137, 7

13. 32, l. 85, 4. 87, 15. 11111111 11 208, 3. 111111 170,
00,1. 0125. 147, 0. 151, 8. 310, 15

15. 160, 17. 160,0.10. 1117,15. 300,16. 11444,
182, l. 180, 7. 0. 200, 22. 20. 447, 31. 405,0

208, 18. 215, 7. 220, 10 1111181 11405, 31

220, 0. 230, 17. 231, 14. Virbius 11 405, 30

233, 7. 235, 11. 21242, 0. 111· deuotus 11 405, 31

250. 0. 204, 2. 270, 8. 271, Virgilius 135, 14. 301, 20.
1. 270, 15. 2812. 208, 5. 302, 7. 325, 11

10. 200, 0. 303, 21. 310. 1113111111 131, 3

17. 320, 15. 321, 24. 331, uirgo 11405. 22

10. 337. 10. 347, 2. 340, 1113111111 108, 14

0. 354, 14. 357, 8. 302, 24. 111111111τί1 440. 5. 11 405, 31
304, 10. 307, 22. 300. 20. 1111111111 11405, 31

302, 0. 308, 20. 401, 3. uiritim 11 75, 4. 405, 35
402, 10. 410, 11. 42518. uinnagniflous 11 405, 31
428, 13. 420, 8. 437, 20. uirspecmbilis 11405, 31
455, 11. 474, 10. 475. 1. uirtus 7, 1011401534
482, 3. 0. 483. 24. 488, 111111103102752. 11445,
5. 404, 3. 400, 7. 500, 10. 28. 405, 22. 403, 13
504, 23. 507, 7. 508, 27. 111710. 17, 0. 32, 7. 240,
511, 4. 512, 25. 513. 17. 0. 324, 0. 320, 4. 355, 12.
510, 14. 51813. 522, 8. 11405, 21

528, 20. 520, 25. 53216. 1111111274, 14

538, 28. 540, 0. 541,15. uiso 431, 11. 535, 11. 11
500, 12. 502, 8. 560, 10. 514, 11

572, 15. 573, 24. 587, 5.Ι uisum 503, 5. 11404, 20
502, 10. 115, 24, 0, 25. 11111 11405, 20

7,11. 8, 21. 11, 17. 77, 7. uitabundus 137, 21

410, 5. 444. 14. 450, 3. 111· uitium 7, 10. 11405,Ιο

 

