508 monn suaviter voctssvuouvu 1

7. 119111911411, 1110193. 1111111197. 20. corbis 1093
latitaturum ordo 9, 22. 34, 8. 42, 8. 1111- ,0,,,,1,,,,,Ι(ῃ,η
00011101101011111104, 14. 1011001001 commutationes .
coniunctio ablotiua ll 93, 29, 8. 40923 ⁰⁰ffi¹ Μ’ ¹³· 112299
14 consonantia elementorum 1019981159νῖ
ubucgatiua 1193, 15. 190, 3791 Cornelius 02, 19 (11. aad.)
5. 2394 conspicor 378, 25. 379, 8. cornicor 433, 19
11100111011193, 13. 95, 15 384, 2. 499, 10. 439, 3 cornu cornus 292, 4, 293, 23.
101111111011193,15.99,12 Constantinus 80, 12 11445, 9 ·
affirmatius 11239, 3 consternor 403. 11. 439, 5 cornus 185, 4. 291, 4. 11445,
approbatius 1193, 14 constructio partium orationis 29. 498, 14
causalis 1128, 17. 31, 23. 550, 18. 11120. 197, 3. 10111111502, 8
01,13. 87,17. 93, 13. 119, 8. 200, 17. 201, 11. corono 11 359, 1 .
991. 13. 230, 3 210, 1. 219. 2. 10111111- Coronides 03,Ι 18
0011111111 119915. 10915 100101011911111105, 17. corrigo 523, 10
coniunctius 11 241, 23 soi passa 11 105, 17. orepa- Corsica 11 522, 21
, 0011111111 112130 ποιητική 11219. 2. reci· cortex 141, 17. 104,·24.
’001011110111991910212 praesulcata. 1111111- 197,7
· 10111111111111193, 13. 94, 1111111105,18 corylus 30, 22
12 consueo 00111111100509 5 Gorynetides 09, 8
composita 11 93, 11 100111 432, 25 101 253, 10
copulatura 11 93,.13. 17. 011101111111525,3 cotes 399
114, 22. 101, 10., 102, 7 001111011273, 28. 275, 10. 0011111111 323, 5. 334, 9
arcemus 11 aa, 11111, 11 aaa. 10 1111111111111111111).
disiunctiuu 11 93, 13. 97, 00110110 1108, 20 1105, 15. 1991
17. 114, 23. 101, 10. consultor 434, 13 crastinus 75,Ι 25
192,7 contemno 11 345, 9. 372, 2. cratera 150, 5. 11505, 34
(115111111111193, 15. 101,9 527, 25 credo 401, 5. 498, 17. 510.
1111011111 11 93, 14. 95, 15 contemplo contem 1113999 8. il 347, 11. 357, 20.
Ι 911111111οἱ11 4093 contemptim 11 59, 0* (11. credor 11345, 13
electius 11 74, 28. 98, 25 odd.) · credulus 138. 7
ἕναντιωματικός 11478, 18 contestor 379, 0*. 384, 10 010111325, 17
expictina 11 1197 conticeo 11409, 24 1110 293. 21. 114098
illatiua ll 101,0 0011111110434, 23, 111795 crepo 408, 25. 47918. il
111111101111111409 2 conticinium 11 472, 9 529, 29
interrogativa 11 101, 10 000110111011471,5 cresco 510 11. 500, 19
ρωῶροὲῗᾟωᾼι. 1111, 1111111381,ὲᾶ 56¹ n grear 11 pgr, 2¹5⁰
mwfflffifflfflffim.
1 · r ⁸ 1 · l · s -
simplex 1193, 11 1011111120, 15. 41, 20. 40, 111111 0111110203, 21
subcontinuatiaa 11 93, 13. 19. 03, 20 1111111392, 12,
· 94, 22 ’ contradico 11 42,2 criminor 378, 21. 392, 12.
subdisiunctina 11 93, 14. contradictio 11494, 19 507, 1
993 . controuersia 11 42,3 enuntiatam
emensam ΙΙ 241, 22 10110111101402. 22 111111 131, 7. 199, ll
coniunctio occentus 11520, 8 contubernalis 11219, 27 cristatus 502, 17
coniunx 140, 21. 190, ν15. ‘contumax 11525, 30 0111011111 128, 25
278, 7. 372, 14. 454, 10. 00111111 121,0 . 11101111 131Γ 13
115295 1011111110 394, 20. 1135912 01111111111111520,5
10101 11 314, 8 conuersis 1114923. 202, 20 0101 103, 20. 205, 9. 273, 12.
conquinisco 500, 28 10111111 121, 9. 144, 5 11492, 23
conscendo 438, 21 1010100 0001111101· 392, 9 1101011111 103, 20
conscius [1 300, 11 cooperio 401, l. 435, 7. 540, crux 109, 10
consecro 438, 19 11 10 pro quu 30, 12 ’
consector 379, 0*. 384, 13 10010111321, 25. 112193 cubile 118, 2. 121,7
00111111011273,2 ¹ 0001101922* 11511111507,12
11111113538417 {tdrtiitiidibir 1111119111111
l 5 s
0011010 392, 9 coquo 504, 1 0111102793. 5191951912
10010101379,8. 384, 1. 392,9 00110130, 13 cuias 1011111575, tta 595,
consonantes 7, 24. 13, 21 (a. 101237,15.341,9 ’ 13. 11 122, 15. 134. 2.
add). immutabiles 21, 4. comm il 52, l. 74, 23. 197, 179, 0. 492, 4. 501, 29
15. liquidae 10, 5.Ι ion· 14. 18. 311,7 00101 cuia cuium 575, 71.

 

