576 95955 3531! ΕΤ 10313110315

Ι

1 13313133113133, 3, 31. 11, 1. 3511. 10- 515ae 15311. 11313. 312,
mmmmm& mmmmuu 3

415, 24. 416, 14. 419, 22. 3131331115, 24. ueteres Hebraea lingua 148,2
420, 2. 423, 13. 427, 19. ll, 7. 11126, 8. uetustis· Hector 11513, 25

131, 1513131, 11. 131, 55131, 1. 11103, 1. 1313 11313 11513, 13

2. ,7. 416,14,440, 13. 14. ,1,,115ω131 25¹ 4313, 111 6311333131·113511)11313331116,15
11331333 3313: ffigssg„2⁵,⁴³3²1 33313353 21 ·
550, 5. 8. 551, 7. 568, 18. . ⁹ ,- hellenismus 319 l

511, 13533, 11 5513 13. (11116111 1111· ¹⁹⁶⁹ 11· 15111133 15’
numzwu.mi .„⁴ufflmssu

533, 13. 23. 533. 12. 599, 1111111111 1111111111 11 113313 11, 1311111.) ¹
21. 533 . 11 1111111111 1111 · 1135113311 3 13 3. 11
1’ 1111 511, 15 ’ ’ ’

3 11,,01 ,,,,,, 13131153, 13. 53. 11, 13

11, 11. {W 563, 3· ,, 1,, 1,, 1101ae 113, 8. 11 511, 13. 51.
,, ,a 11333553 533, 3. 11131, 13 11,,1111 1111111 11111 111
, ,, , ,0, 1,· ,ξ’ gratia 11366, 11. gratius .
·3⁴¹· ² ·. 1. 351111001101,21.135,23 1111 ‚
33, 313. 11, 1. 12, 1. 13. ,Μ 1,, ,5 1150101215,15

13, 1. 11, 5. 11.·15, 2. 22. 1111

W 139, 4 herus 255, l v

113. 53 21. 53 113. 811111 11111· 11 iiiiifiiiiui 11 ’
13131413. 15, 15 88, 111111 1111 11 ’ 105 ii ia, 111'11, 11

1321. 93, 3. 13. 133, 5. 1111111111111111, 1551 11 12, 3. 35, 15. 133,

131,3.133,1.113,11. 111 ,,, ,, 11. 131, 13

113, 23. 113, 1. 111, 14. 111,,1, '1· hexametrum heroicum 11, 1.
11111. 1151. 111, 13. 111,, ,1, 11111511, 5 55115515·15551eus11113,
133,13.111,3.113,11.3111,,,’ · ’ ·1· 15·
131,1.133,11.133,3. ,1110111111 hexaptota 133, 13 ,
111, 3. 111, 15. 11511. 8111111111, 1, 1135511, 13. 13. 35, 13.
113, 11. 111,11.13. 113, 1111111 ,, ’25 31, 11. 333, 11. 353, 3
13131111313311.111111. 1’15 ,, , 51510428,12*

133, 11. 131, 13. 191, 5. 11111111,,,’ 3 11153133, 19. 231, 1. 291,
1311113515133131111. ,1, ,,, 13.135,1.11513,13
211, 11. 219, 2. 19. 111, 1111111111, ,·,,, , 515555151,15
3.113,11.115,11.113,1,1.111,,1 1, ‚ 31533133131331
11113311311133, 1111 3 , 13 15515511, 13. 519,
13, 131, 13. 133, 313. 11111111111,1113·,11111131 1 . 115,-11. 9,13.10,15.
131, 3. 133, 13. 133, 513. 1111111111 ν 11, 12. 31,1. 1131. 111,
211, 11. 111, 11. 213, 1. 11. 111, 1. 133, 11. 111,
113131131111313.13135311131313, 11. 33. 111, 3. 133, 11.
251, l. 351, 5. 267, 10. 9. 35, 24. 48, 22. 1140012 449, 29. 590, 26. 111333
113, 11. 211, 25. 113,·13. huben1111490‚ 11. 521, 31 531, 13. 113 333, 11.
2351. 281,10. 13. 291, 513001,1. 132, 29. 131, 29. 11513, 13. 1111111331,
1. 13513. 313. 311 133, 13 11111, 13. 321, 13

3.· ,11. 13. , 1313313 1151115335-1133,13
6. 362, 405, habilis 132, 20 hiemo 433, 23

11 133, 1 199, 15511011 315, 5· 1155131313. 1151315

1
ι 1 -
ο

13
11
1 1
33
1
, 111
35
20

3331333

. Ι1 13, 555355 11 153, 31· 511131151

36 432, haeres 191, 13 111m515203,5

9
2
' 31 31. 55135125,10. 11525,12 110123,12.129.3 ·
44510. 11311331131131311313 133, 16 Hippotes Hippomues 66, 7
g 435, 5110·570‚5 hirudo hirundo 1213

7

4 7 hamus 1, 14 hirundiuiuus 79, 20

2

124 , ,472

13. 29. 478, 1
, .491, 1 . 492, 26. harenosus 138, 22 Hispanus 11 1131

496, 25. 498, 1:501, 23. harundo 1231 hisco 11 1119

502, 24. 505, 22. 32. 500, Hasdrubal 11 5233 Histrum 170,4

5. 520,1⁸. 11111334ι antiqui hastatus 441, 15. 502, 17 hiulcus 14, 20

1, 11.11407,1. 3113311113- 1113113373, 3. 401, 21. 502, 1133 11113 11647

133 335, 5. antiquissimi 12. 540,3 1131113216.1171,17.528,24

1 n
’ 113, 1111531111513,3 1131115531, 13

1'.
4.
13
482, 23. 1131311311 521, 37 1 Hispana ll 522, 25

1
7
.
1
1
.
’1
7
1
0

 

