598 . , 0101111οΕ1011 117 voctnvtottvu

14,18.19,19.142,29.111111111 94,11.115714,σο1·111ξις98912.559,18.’
144111111117917.15,14.0’4,11.118,’14. 11108,2,.2’01,11,494,1
175,12.“170,13.177,19. ,1, 111,1,,,,,,,,,1,,,,118,15 συντεὶεᾶτής suerrum 111
181, 19. 198, 20. 299, 7. 197, 17
1111111.111111.’1119511211422114111111111111
11115029596, 12 8111111111 255, 4 ’

suilla 80,5 . 1939910341 l'l 8111111111211,9.148,2

1111118014 111111119419. 495,6.562,1’1 Syri 1287, 9

1101111024, 7 11111111ο194,19.499,4. 11 uuppqutu49, 18

11111414, 14. 419, 21. 455, 274, 17 11111111111111,149, 18 . =
5.598,8.1192718.450,1οι111111111111111159,19* 11111114 181151 4
20.1111111299,7.509,1111111111274149741 111111114018 ·.
10. est milri nomeu 11 sustulo 419, 7. sustuli ’94. 811118 928, 19. 958, 5 1
99912 ll. 419, 7 συς295, 12

summatim 1158, 4* susum 94,’ 11 συζυγία 11429, 2

suo 494, 4. 459, 25 Suthul 14219

supellectilis 279, 5. 925,1 1111114944 1110111121, 9. 99, 15. 50, 21

supellex 279, 5. 925, 1. 11 11111597, ’.19 111795 171, 11111111 1ο111111197, 8. 2115
21, 8 . ,19 179, 7. 198, 25 1151111119, 19

·” 1111111111 91, 15. 45, 29. 54, σ1124, 19.’ 114, 29. 492, 27. 110111112οΙ4

25. 919, 2. 954, 19. 971, 7 σου σους 113, 1. 149111 tabes 949, ’19
051118115529 187,12.119, 13. 287,11. ubi 1850 ’188, 9. 189, 19.
superbiter 11 71, 9 418, 23 919, 19. 564, 2

superbus 1159, ’9 σοχνός,11900, 2251111112) 1111111119 11111116, 19

, 111110111111 12,6 σ1111111111286, 19 1151111111 442, 2

superior 89, 9. 85, 12 1111111111194,17.11944,9.111111111111111111111111472,
su erlutiua 89, 1. 94, 14. 959, 22, 19
99, 19.98,3.99,1. 11215, συκοφαντοῦμαι 985, 9 taciturnus 81, 19. 11472, 19
17 218, 29 1111101441 11111111111111141111.501,1ο.11-
81””’8”494,”1’8. 11274 15 ’18529 ’82 45””1”1’””51” 2“’1’ 299,51’.”291’,8.”’,292 25
su r ........
¹71, 11 113 11111111 11 1111 sut’ t3
superus 118, 21. 1159, 9. 11111111111147929. 11111·1111111111111291,8
,1111118911 11111112 9. 11111104. Tsigete 142, 29
11111141019.411,10.412, 52,18.11ο11111111111111112 11111111511991,9
17. 425, 29. 450, 1, 475, 1. principalis 45 22. pro· utentum 11408, 22’. 409, 12.
18.489,14.489,2.489,(1111111521,8 Atticum maguum 1149822.
26. 487, 17. 488, 212. Σ1111111143 7’ 409, 22. 416, 5. paruum
11111111111111. «1111111111 1151111111
497, 14. 408, 11.22. 28. 1111111111ς11189,21 11111575’,9*.1121,12.22,
501,.,..,4502814504σ1111”111960,15 4.128,.17192,9.364,1”.
28. 507, 19, 510, 4. 511, σομβάματριἸΙ 211, 20 491, 29. 591, 21
11111,·11.111.’.1ο111111111111111111 1111119 11 111, 11
·35255529155271111111111514 . 1111199,15
18.528,1.7.590,1.591,111111112412 . 11111111199,13
24. 599, 16. 596, 1. 597, συμπάθεια 550, 5 Tanagrum 170 5
1954217. 54512559, σο1111151111151,4 1111111751. 89, 27
25. 579, 27. 11299 7. 1111113816.502951,,5 11111122,8.973,19.’438,2.
235,7.278,.,.49247154, 359,10’ 20..400,519.4,97·29
4. 9 1111111111590, 9 5241. 14.11277,9’
supparum supparus 199, 17 11151111375, 11 tantillum 111, 10
suppleo 488, 18 111111511111196431631524. 111011111158,1*
1111Ξὲ11112,349,11.954,17.111111111111111ἓέ1710 1,1,1,11111111ὲ1,1151,,5,9,5,’,,ῗ9,, 1,, ἲ,
syrtes oremu us
1111111111ο1127917.919,19.1181018952199592954, 4.128,17.492,1.591,·24
8118300111 · 26. 304, 12. 408, 8. 400, taratantara 4500 ·
1111111111 90, 2. 26. 49, 19. 19. 505, 19. 508, 8. 585, tardiusculus 89, 4
55, 29. 84, 10 5. 558, 20. 1111, ’12. 419, Tartarus 177, 2
supreme 1180, 7 9541519 taurigenus 196, 6
supremus 99, 5. 1158, 3 σύνδεσμος u. coniunctio Τ11111111111 97,’ 19
surdaster 114, 15 sevi μ,11111σ1111189 23. 347, Τ1111ο1111111111179, 10111. aaut
111111ο411,9,529,10. 11 1ομ 2998
508, 24. 519 29 · 1111111111 990, 17 Tstrrotnmrtrmus7919. 829
111111111ο499,1’2. 11 119, 29 11111881 11 999, 9 Funisulanus 79, 10

 

