552

Vergilius georgicon
11 1120

00
,0

58

03

127
’ 150

2000.
213
215 sq.
231

, 257
204
284 sq.
311 sq.
314

321
325

INDEX 80111οΤ 011111

00

000
000000
00000
000
000
00
000000
00

00
00003
00
00000
00

mm

000
00
300000
0000
000
00000

’.10. ,20

3115

“ · 307
381
400 sq.
402
403
434
450

1111 35
47
00 sq.
111
1111

120
135
158
1111 10.
105
101
1118
231110.
241
241 sq.
2110
201 sq.
341
3011
421
425
445
455
503 sq.
504
Aeneidos 1 init.

003
08
100
00
00004
000
00

358, 10

175, 17

112112. 12

427, 21

282, 3
000001
11. 531, 11. 545, 11
475, 13. 558, 23
2711, 0

301, 12

301, 12

11 01, 23. 72, 8
433, 18

303, 14

11 2211, 2

530, 23

127. 2. 430, 11
11 03, 10

5111, 7

11 507, 33

75, 20

11 81, 21

403, 18

11 104, 0

11 37, 21

11 1112, l

2110, 111 (u. add.)

583, 10. 11 117, 23.

000000

111. 2011, 22. 211, 12
5, ll. 1145113

’. 00000
. 006

Vergilius {pacida

3
3 ξς.
5

11 150, 10. 305, 18.
37014

1103, 20

330, l. 11 1114, 1

ll 103, 10. 1110, 10.

· 2811, 21. 492, 31
. 11 115, 111

Μο0ομ0

· 00

400000
00000
000
000

’.000οΛ.

ww
003

,000

000000
00

000
00000
00000

q. 471, 17

11 110, 23

“ 11 277, 8

000
03

000
000000
000

,000

11327, 15
1101, 11

² 000

000
00000
000

2 000

· 000
300000
0000

’ 000000

87 ·
0

· 111 .,.
11111
114 sq.
123
120 sq.

133
130
142
144 sq.
14819.
157
108 sq.
172

174 sq.
177 sq.

000
00

ww
00000
000

00

00

04
000000
30000005
07

000

me

000
000
00008
00
00000.
05

00
000

 

