502 11111011 RERVM ET VOCABVLORVM ‘

(11101111112023 11410, 23 10,14. 1111111111. 123,24.131,27.132,8

quadrigesirnus 44 443, 49 1202. 125, 3.127,41.12. 134, 7. 415, ¹25
(11111111111111148, 48 120,5.450,4.407,20.(1(111111111111135,17
quadrup¹4oquadrnplor395, 10 501, 10. quae7, 21. oui quotumn 44 50, ¹5*

.quadruplum11416,·z 303, 14 quotus 575, 4¹4. 11 122, 13
(11111503, 12. 44 123, 23 qui a¹daerbi7or7 ll 72, 10. quousque 44 130, ι
quatenus 44 05, 10. 122, 13 137, 4 quum35, 14

quaerimonia 1202 quia 44 04, 23. 137, 20 quur 35, 14

quaero 103, 7*. 387, 10. 401, quicumque 595, 23 quus 1111111 demoliunt 138,10
10.535,10.500,10(ι((111311111101111111304,15
1111111111220,1.1274,7.(1110111111102,12.(1111111111 1111111117, 3. 21, 4.31, 15.
275, 11. 270, ¹47. 503, 35 1111111357, 1 50, 4. 1102, 31*. 6110, 2
(111111111ο430, 8 quidistic 4485¹ 0 ra 57¹7ita nomina 120, 1123
3,(..111111 ιι.11111,1.3111111111,1 0« nutu „omna ιιι, 11
30015(11111242,10.11440,31.11111111111137,14

quaestor 432, 20 524, 21 . rado 400, 20

quaestuosus 11 210, 0 quiesco 500, 2. 573, 22. 11 radicitus 11 78, 7

· quaestus 185, 5. 257, 33. 11 -527, 23 Ρᾶμνης 244, 11

503, 35 quictoq uictor 300, 10 ranunculus 110, 15. 115, 1
(111113712.573,3*.111111111ι1111,500 2. 573 22 rapidus 1121013
122,’12. 127, 8. ¹178, 45. quin 11 100, 10. 407, 84 1111111400, 17. 401, 8. 499,
450¹, 0. 131, 13. 132, 0. uincunx 11408 25 1312
133,118.1301,27.153,17.(111101111111280,21 raptim 1175,5 .
304, 1. 401, 22. 501, ¹49 quingenti 48. 10 ratio ratiuncula 108, 10
qualisqualis 44 135, 14 quingeslmns 44 413, 20 raucio 530, 4. 542, 27
qualiter 44 123, 14. 130, 14. quinq untrss 355,14 Rauennas 128. 25
131, 24. 132, 14. 134, 5. quintana porta 44 414, 27 re- 44 20, 11. 57, 0
137, 5 0111111111 131, 20. 338,Ίο Ρέα 108, ll*
qualus¹445, 12 011111111472, 14 rabello 44 497, 8
quarn 03, 15. 4474, 24. 00, quin 554, 15 recens oduerll4um 44 148, 10.
3. 317, 10 ’101ιί111 Quiritis 434, 2 10012
(11111105111111132,8 quirito quiritur 395, 18 recinn438, 11
11111911 9 ⁹¹¹ ¹¹ ⁹¹¹¹ ‘¹5 5555 333 ‘⁰77550515455
namura 4495 45. 00 13 22. 9,¹49. 20, 21. 122,10.100,20.108,10. 483, 47.
(1111111011οἸ, 17. 72,18.123,12.1251,0.127,5.184,2.223,11.23·2.10.
¹ 82, 21. 83, ¹5. 88, 26'. 80, 120, 5. 131, 13. 132, 5. passio reciproca 303, 5
12.123,17.134,15.130,,133,115.134,10.130,12.11111110111101011300,20
21 2015318.17051440,1111111107,0.11475,18
qquaudouolll38, 17 37. 450, 3. 407, ’.28 501, recuso 545, 4. 11275, 5.
quantus ¹¹,374 2. 575, 4*. 44 15.(1111111113120.304, 34015 ’
122,13.127,8.1128,10. 49 redditio ronouninntina44435,4
131114.133,120.·1301,27.1111111170,10.440,10.11111104,27
153, 17. 494, 24 554¹, 21 111125, 101300, 0 redoleo 48¹8, 20
quantusqnautns ll 435, 45 quisquis 44 135, ¹14 reduco redduco 47, 0
quasillum 445, 12 qun 11123,Ιο 13213134, refello 438, 24
quassabllis 132, 8 ’ 8.130,20.347,7.348,10.1111101542124 .
(1111110502,0 350, 11 ’ 11111111310,·7.111111505,
quaternio 145, 5 quoad¹ ll 439, 1 7. ll 150, 5
(11117, 21. 484, 20. 182, 45. quod ll 338, ¹47 reticio 404, 18 ’
, 11 25, 12. 52, 17. 03, 22. (1111110111123, 21. 131, 24. 111 4315, 7
115, 0. 405, 37. 474, l. 333, 10 refutat 11434, 4
470, 34 4881, 10. 500, 0. quondam 1181, 21.82, 12 regalis 44 470, 0
521,2(1110111111ιί104,123 regillcus 11 470, 10 ,
quem4dntodum 44 357, 4 quoq ue 1193 18· 104 Ῑ4·1141111111148.4·111543·18
(1111122,13.530.14.538,103,10.138,10.402,32 Reginus 79, 5
25.530,15.543,13.557,(110111111111381,21 1111111120,11.11111,211.
18. 500, 23. 11450, 21. qum 575, 4³4. ll 122, 13. 521, 37
525, 5. 528 0 128, 10. 134, 44. 132 7 ragi¹,us58 45. 114100

...111111ιῖ1 111111.111111.1311111111.111111111111111111.Ι
498, 4 · 594, 24 470, 3. regnatus 554¹, 47

l. 45
755¹¹577¹55 ³⁰ 111111111111411112. 7

qur pronomen 447 ¹9 9, 20. qnotl'eusll 78 44· 88· 18· 478, 48· 513 45

 

