Vergilius Aeneidos

anEx SCRH'TORVM 553

1191 10115

198 113333

199 171, 23

20039. 511,19

203 1Ι 79, 11. 82, 0. 87, 2

207 307, 20

212 11 181, 0. 201, 20

220 sq. 217, 2·

2211ᾳ. 500,7

228 02, 11. 11 192, 17

231 sq. 12-1, 21. 11 153, 21, 257,
22. 305, 0. 335, 10

, w mmmmm

251 1191, 21

253 ’111132

25735. 303, 9. 111808

201 11 83, 0. 97, 1

281 sqq. 11 158, 17

305 sqq. 11250, 10

312 218, 11. 290, 11. 3-19, 5

31515. 11 138, 23

317 10218

320 302, 17. 11220, 21. 303,
23. 351,3

321 sq. 11107,10

323 1110213

32715. 112183

328 200, 20

329 11101,12

330 11 375, 18

31335. 11218, 3. 221, 11

317 80, 8. 11155, 27. 325,11

350 1151,10

300 11201, 19

Ὴψυωη

:573 ιι 221123

377 183,7

378 11151,12

375 ιι 373, 13

393 11 350, 10

130 111, 1. 170, 11

155 351, 23, 301, 0

15535. 1129015

158 113002

150 2882

105 270,0

1001715. 1101, 7

179171. 1150810

180 519, 25. 11501, 32

501 11371,19

501 11 301, 3. 313, 18

520 1152,8

522 11 80, 3. 197, 7

511 170, 11

553 171, 25 .

573 . 11187,Ιο

57555. 107, 17.,1180,1

5113 11310, 25

5115 11525

511535. 11107, 21

003171, 1197,Ιο

011 299,7

011Ἰ 11 100, 21

’ Vergilius Aeneidos

ιω υωΛῂωωμ

0550101

010 11 105, 10

030 501, 23, 11209, 10

053 sq. 11375, 20

002 11515

w 00

000 1130,Ιο

w nm5

fflmssfflffl

anQm

082 11002

083 sq. 3¹ 3323 12. 330, 22. 313,
ww

607³q. 1133510

701 111073

m mm

731 171, 21

750 1115, 20. 55, 11. 105, ,
21. 371, 10

u} mmmmm

2 HQstffln
5 mwmwffim
amm

” m.nmffi

Osq. 217, 7.113,“7

8⁸q. 30017

12 11 90, 10

19 sq. 300,17

31 · 1120113

32 1131010

amq. 11 115, 7. 190, 10

38 1131-5, 10

110 1197, 25

18 1107, 23

51 103, 2, 209, 2

01 11210,0

01 11:351,ss

81 413,10

85 185, 8. 192, 11. 559,
mum&

03 112813

103 118215. 307,10. 179, 28

105 130,9

118 11311, 25

187 sq. 119112

215 301, 22. 11282, 5. 3110,
0. 377, 11

221 329, 10

235 sq. 390, 11

21115. 292, 20

·62sq. 11113, 15

271 sq, 301, 2. 1171, 6. 90,15

289 11 71, 0. 280, 10

2001ᾳᾳ. 1190, 17

310 273,5

322 2738

amq. 158, 19. 305, 21

325 sqq. 11230, 15

9331 11 128, 10*

3-12εᾳ. 11 350,1

353 111110

351 111337

 

