562 INDEX RERVM ET t‘octovtottvn

1111111160,17.169,18.345,16 1111111513, 12 43312. 452, 24. 6.
amo 51, 2601111111). 374, 1111011106, 10. 115, 13 464, 26. 471, 2. 480, 22.
20. 11 107, 184 270, 25. anguis 12, 15. 160, 17. 346,3 481, 2 517, 3. 523, 23.
277,16. ainans 559, 22. augustuni-194 528, 21. 5361616.
11148,21.217,13. 464, 111111111125, 10 557117. 576, 3.
20. 488,1. 1111611138, Anien 20811 574, 8. 503, 6.
2. 563, 6. 1146411 4111111175, 20 1110, 15. 36, 3.
111111οι11280 13 1111111123,15.11523,7 55, 24. 74, 11.
1111115241 4111111335,18 80,’5.10. 104, 23.
amoueo 11 277, 7. 280, 13 11111111111’416,22 228, 10. 466, 34.
α μιιελος 531, 22* ananius 138. 0 468, 13. 475, 37.
ἀμφί 11 41, 20 1111111111. 11273, 2 486,12. 407, 6. 502,
1ιί’1111ι11ιι111ι11275, 14 1111 ιιι 136, 6. 11416, 22 506,10. 507,7. 514, 28.
1,)1111111111224314 &aalysiae 1406, 22 consuetudo antiqua 15, 6.
ἄμφω 20,18 . aas iinita 1111111319, 7 antiquior 1111 107, 14. 571.
amphora ’156,6. 202, 17 anserinus 60, 25 25. antiquissimorum ιιιιιιι
ἄμφορειὶς 156, 6 Aetate 230, 6. 11 443, 25 11, 5. 18, 12. 23, 2. 24, 6.
amplecto 393, 8 . &mevaniae μός 585, 5 25, 16. 35, 2. 05, 18. 07,
1111111111370, 5. 303, 8. 436, ante 11 26, 10. 40, ’16. 46, 8. 129, 2. 155, 14. 106,4.
0567. 19. amp 1111125, 15 12. 107, 5*. 156, 1. 330, 108, t. 100,17.203,16.
amp laxo 303. 5 6. 526, 34 210, 15. 212. 4. 231, t.
amplexor 393, 5. 381, 3. 1111111140, 10· 282, 12.301,20.312,11.
470, 2 antaeo 11 40, 17 333, 0. 367, 0. 377, 16.
111111611402, 3. 434, 28. 1111111185’13.09,15 393, totto, 11.432,11.
440, 18 antepaeauitima 1111ιί111111 475, 20. 5461. 56613.
ampliter 11 58, 3¹¹¹. 50, 3* rum correpta 106, 3 504, 20. 118, 2. 277, 22.
8*. 71,2 11111111111762078, 17 481’, 11. 486, 6. 528, 10
11 finita masculina ganea antesignanus 77, 10. 11407, (ιι, aeterum usas)

211633 nomm graeca 11161111 370, 6. 382, 2 &mmm ” 4²¹ 5

ιι ιι ἰοι 1 11111311 0011036 40122) ·
ἄν 11 100, 5. 251, 1. 253, ἄνθ ρωπος tto, 8 · 11111112256022122611111 413516
· 1. 255, 28. 265, 2 Antias 155, 22 10
1111111312, 2441327 1111161110 11 208, 1 antistes antistita 157, 11
ἄναχωρ ωρῶ 463, 26 1111111111 50, 8* (ιί. add.) Antoniaster 191 22. 112, 20.
ἄνμᾶιγμμίιὲἒιὲι ’11831 333433, ἀνμὲιιαταῌᾶττομαι 11 206,114,,1ί5.517257’,51ἒ
- avano α

464,13. ιίναμνωέτὲος ἀντιλέγω 11 42, 2 11111166 130, 7

563,6.11464,13 411111114111111272, 12 1111126811

Anagninos 81, 23 Antiochea Antiochia 73, 3 1111151128, 7
111111111ιὲὢί 333, 26 Ανμὸφιιτης Αντιφατειις 277 1171115ῗὲ8 381102
nvntp sa) αιιυτω
&anausoni 11 434, l antiphrasis 11494, 10 · αωριστωδες μοριον 11 127,2
analogia declinationis 199, 8' αντιποιοῦμαι 11 167, 6 01111422111200,6
ἄνμμιμιιήσιιω 11 280 6. 20811ιῖ111111111131 4{94231 11πῶ161111111563,’4. 11464

ant uarius -

111111111111111111111114508 1111611 433, 21 ἄπαλιιιφή 11 464, 17
anastrophe 59415. 21, 505,3 antiq uns 11 ’40, 23 &June 11 68, 14
11111120, 19.’341, 12. 11 antiquonum Romanorum moa ἀπέχομαιΙΙ 299, 0

217, 26 111111111013. 13, 5. 25, Apelles 245, 1
411·1ι1111111166,9. 11155,19 1523. 2618. 27,’17.20’ 11111ε1111181,1. 302. 6
1111113421 6.37.6.’15.36,12.37,11111111233,1’2 .
1111111325, 6 · 10. 39. 11. 81, 0. 84. 5. 1111111400, 15. 435, 6. otoo
4111161167, 0* 80, 6. 06, 9. 110, 17. 148, apes apis 241, 18
atta-lor 391, ’1 24.184,12.189,2.208,111111112210
ἁνδράδειφος 15310* 1.209,’17*. 220, 13. 224,1111111107,’13.242,4
αἰιδραιιιὶςφΙΙ 405, 36 15. 220, 1. 239,Ιο 245, apisoor 370, 5. 380, 10
Ἀνδρόγιος Ἀνδρόγεως 255, 13. 256, 3. 257, 5. 18. antonna 11 ',301 23

13 (ιι add ). Androgeo 258,13.’273,20.’270,13.1μ1111111350,24

parietinas 207, 5 26015. 2863. 207,18. 111111111158,5*. 03, 10
ἄνέχομ μ11111270, 14. 206, 14 303, 4(ιι. naid). 308, 23. αφ αιρ ἕω 11 280, 22
ανη11111208, 18 326, 25. 350, 11, 351, 2. aitpaivnc 11757 “
a1115tus100,19 354, 7. 370, 2. 306, ’.10 11 [pompa 11283 l. 301111
11313421525, 15 419, 7..8 421, 1. 432, 10. auo 1148 28. 84 8

450,
16.
543,
573,
505,
39,
75,

122,
467’
481,

3.

1.
15.
19.
16.
16.
32.
33.

 

