580 INDEX RERVM ΕΤ 70515750511

1111111111 14 lenit 153, 19. 11 455, 35 111011101111522, 10
1101011101 11408, 5 [1001105075. 10 11101011 110 22
’11111101 1111111111 134, 1. 101145,13.11521,12. 10- 11110110 11 523, 10
337, 25. 11 4117, 25 3111111011440, 1 111011127017
110105101111408,3 1150111 110, 5 litum 553, 4. 11 454, 7
1101001011 113, 7. 11501101 150, 18 11101 11403, 15
Ι10101011111408,7 11500551. 11. 114805. 11· 5015011101111111111110100, 14
Ι101130111408,4 501 551, 3. 11 158, 30. 10 50111 111151 431. 10
1101011 150, 10. 257, 3. 11 220, 22. 2305 locuples 243, 8. 343. 25. 11
445. 10. 440, 9 1150122515. 228,15.232,“ 524,17
1110132018. 1143035 8. 418, 10 1000100111100011 11434, 15.
11·110101111120,18.145,13. 115011111131,1 435, 37. 430, 25
200, 7. λέαινα 23213 115011 350, 20 lodix 155, 4
11501 11 524, 27 11501111 128, 15 Λογγῖνος 48, 14
11010110 420, 12. 432, 20. 550110113015 100210οα1 11324, 13
40512 1151110122, 13 2500105505 2500051111τά
1001111257, 4. 11 444, 35 11511110, 5, 418, 15. 11415, 51511οξ11 αὐτοτελής 11
1131101115, 12 21. 11511 Attica 11 10010018
11· 110 ΙΙ 455 20 21.(111111145821110·1.015001”111271,27.324,10
0110000 mmm‚5 mmmmfflmm‚m
459, 22. 451, 1. 523, 12. libripens 282, 7. 11 478, 2. longinquus 135, 12
52417 11513. 25. 527, 27. 503, 10. 51012 longule 11 51, 21. 58, 71.
1001011145325. 1030011011 11000 432, 13. 551, ll. 11 89, 2
138, 3. 553, 5. 1145113 485, 5. 11001551, 3.11 loq 051380, 7. uma 10-
2100127012. 4408. 553, 0015. 15035. 22022. Ι011001101138,3
5.11323,25.3·24,.5 3302304 101101 loricatus 442, 1
13 410010111324, 1 1131 men 125, 3 10101 lautus 30, 8
ηγο1,445 8 113 ··0 122, 7 ammio 151, 001. add.)
20550501, 23 113 011 133, 17 . . 1150111 1101111110 281. 10
letum 445, 21 1130000182, 11 lubens 25, 23 ·
[1111021812 11311182, 11'. 254, 8. 255, 1110101178, 17
100150110015 21.11445,20.511,17.100011001111,15
1001130 8. 145, 10. 200, 7. 525, 22 10000 433, 22. 450 22. 401,
11478, 32 111111100178, 10 10. 402, 25 ”
1.·10111130 7. 155, 18 111101110013 ’ 11100101 120, 20
1011111100 125, 12 1103017, 23 1001101170,12.225,14
110012117130814015.1103011113,17 Lucina 78, 18. 120, 20
200, 7. 11 478, 32 11104812. 52018. 53011. 11101110 10011101 302, 14

² 1001 animal 01 1001101011 281, 543, 13. 550, 21. 11525, 5 10010 302, 14

14. 11477, 37. 553, 18. 110000 558, 1. 5105 100101302, 14. 112703
51015. 100111 341, 22 50101151, 18. 15015 lucus 135, 17
1111100 10011100 307, 24 1101111110 consonantes 10, 5. 10111001 350, 7
101110 397, 22 , 00011101 9, 35 1111115011 302, 15
1111111101·11·1111000101100,5 110000 308, 8. 477, 4. 401, 1051500130515. 11285, 15
100 uerbum l7,8 14. 520, 10 ’18 551.11.1101101432,17. ludo 450, 23. 451, 17
100 1001011150, 15225, 15. 220, 222305 1111111411,11
255, 7 110 00100 308, 8 lugeo 11 270, 25. 275, 18
211112101νο 232, 13 110 00 308, 3. 10 lumen 125, 10
1010100180, 4 liquor 170, 13 10111101 552, 17
Λεόντιον 215. l 111 110111 001505011210, 13 100011 113, 5
leporinus 7015 11124815.352,1.11354,8 100 450, 5. 550, 5“(11. add.)
11001118,17.134, 14. 253, imi 11 493, 31 lupanar 222, 5
2. 11525, 22 111011 5,12.11 158, 101100101112315
Acamans 143, 11 114, 2. 510, 2.11101111101110170,’15
λεπτός 114005 1505511111150, 5. 110- 10150111 11000110 1305
10001104, 10. 118, 17199, 100110 literae 11 115, 15. luteola 1102

· 0000001Μψωωο0051

525, 22 literarum 530117, 5. 110- luxurio luxurior 393, 15
10001011101104, 10 10101455, 3. 11443, 21. Lycius 41, 18. 72,7
70011Ἡο145 9 11101001011111011010001111010 111001010111111, 11
1111111111 524, 5 142,Ιο 105,11. 283, 2. 1100030115οε 57, 10
1101015012 [1010011101 uerborum 437, 110511 287, 2
1110111178.13.400,.20520,20 2. 459, 30. 457, 11 1001010011 0111271, 27. 3253
1011101340, 11 5101111 110115, 5. 5, 8. 23 lympha 35, 22. 11457, 2

 

