555 35555555 557

ergIIIns Aeneidos
VIII 561 165, 22. 333, 18. 11135,

Vergilius Aeneidos

ww 55

nm&

597 131, 51141123. 211Ι,15 ,

616 267, 6. 1151, 8
625 538, 18
1137 sq. 65, 1

-tm anmo

66119. 518,8

677 143, 20. 115, 5. 170,
13. 489,2 “

680 3311, 11

608 20113. 1117120

600 · 11111, 10

706 217, 6

711 sq. 3-10,5 .

111111 1 1111111, 33

6 207, 15

11 223,11

26 37, 10. 28111. 1122117

60 351118

61 sq. 11360,8

10039. 11315, 9

150 353, 22

1111399. ’11 213, 2. 16

208 sq. 11002

210 sqq. 11 215, 21

211 11217,3

21199. 11211121

21059. 111, 21

251399. 11711, 5

28119. 5017

. m umm

378 113361

398 113110

103 1110126

113 115111, 36

118 11 188, 12. 31516. 317,
127 1110117

117 315, 1

16839. 315, 111
177199. 111115, 13

511 115111

525 200, 7.121,6
537 520, 6. 522, 20
557 Sq· 3⁰8, 11

58839. 517, 11

602 11311,12

11110 11301, 8. 3136
617 sq. 113013
65319. 66, 3. 288,11. 111810
116119. 1121613

680 1131, 28

685 Π216,11

716 207, 13

730 328,0

762 328,1

767 1103, 23

771 sq. 211110

785 01,1

81539. 11351118

111 115912

31 1152, 22

129, 29115

13719. 112112

110 1135318

193 1123112

166 335, 21

17259. Π315,21

179 71,5 ·

183 1313

100 209,15

207 77,1 ’

29759. 111115

21019. 113553

213 11415, 23

226 331111

22819. 287, 21. II 117, 19.
211), 22

251 sq. 1611330510

265 265, 17

310 1119122

36659. 1183, 2. 136, 21

391 30611

301 390, 11

111 330, 21

132 18117

115 39119

170 sq. 11101122

597 1100, 21

51539. 225, 2. 390, 10

w uml

511 57111

518 1179, 111

586 sq. 32117

507 1138, 8. 85, 23

· 51819. 11281‚10

638 sq. 395, 20

w 555555

mmm
W 55155
wamma
w nmw
5 55555
w 55
5555557
555Μ5ω
51555
5ωμ55
mmmmm
SIsssq. 11102‚6
wamma·

51 555

φιωῳ
,55
f anafflzmst
55
,55555
mm
mm
ι 55554
v nmstmnm
mmmmm
mm

5115555555

 

