INDEX RERVM 111· voclnvnunvtt ’ 577 ’

hodiernus 77, 8. 28, 118, 22 1111111479, 17.482, 18 11011101127415.278,21.
1101 il 73, 14 iambicum metrum 11’ 418, 4. 295, 17. 297, 3 308,17
1101011273, 14. 274, 25 459,.9 481, 8. 1111111110- impero 374, 20. 11 227’, 15.
110111011111522,3 1111011001 11420 24. pem· 273, 24. ’280 10 302, 21
110110 27, 1. 102, 3. 208, 22 111111111111111011141815.1110011101432,27.434,15.
1101111101110111110111110111111·10111101 1111111111 11 480, 11219, 24
01111102,4.109,3 101111111111111111101418111001241,1
1101101110 102, 4. ’109, 3. to. impertio impertior 400,1.
114,17 11111000185 15. 88, 5. lo· 438, 24 ·
110101 ’110101 185, 4 11111110171, 10. 73, 11. impetro 11291, 17. 207, 18
501111112822 448,14.11408,5 imp 11111 1784
honestus 140,2 710100”1οη001234,’8 11110110 0 523, 17. 525, 20.
110101011274, 18 iberum 179, 5 11513, 30
11010111 138, 12 1111117119 11101111135, 23
1101111 489, 10 ibidem 11 75, 1 111110,473 3.11274,15.
hordeo 310, 18 1010498,18’ ’ 3887
110110501101111175,25.80, 100509,’22. 11111509, 24. 11101010 11278, 2
11 1138313 1100125311 .
1101110421, 25. 1127021. 11111158οζ14. 59322. 1111 11011101322, 11
. 278, 5 25.12’0,1.124,19.142,1101511249,’21.11524,29
110111111175, 21. 84,12.10.502,’4 impune 1187, 20. 88, 8 ⁶
138, 24 identidem ’589, 22 1175, 22’ 1181111 0011510219 ’7. 313,
’ 110110 392, 21 ides 1111111 patronymica ’00, 8. 0101111218, 3 «1
110110137910. 392, 21. 11 7. 13 110111111111111153, 24 1
227,19.278,15.’324, 17 1111110111111 5 555,13. in raepom'tio 1135', 8. 43,
hosp 01 158, 22. 318, 24. 111873188,18.223,11 .44” 4. 50, 27,’53, 14.
' 325, 7. 342, ’18. 1121, 8. {deoc tt 172, 14. 31014 84, 5. 114, ’20. 294, 10.
288, 12 , idus 384, 2. 11370, 8 303, 5. 305, 18. 354, 19
hospite 317„l · 10001 11524, 7 21011187,17.95,17.’255,
110101111131,4 1111123818 10. 2511,- 18. 288, 1. 289,
11011811111521, 18 ie 011481 l7. 1110 011744 10. 494, 13. 593, 2. 512,
hostorium 215,17 1011111101 11’71, 3 8 1111011 01 8. 2803
1111 -20, 21 10111111100, 15. 389, 5 11101101 11’501111101’88’, 8 ·
1111 11449, 30 1010101011110 488, 25 11111111101110115, 7
1111111110ᾱί’598, 5. 1122,5. 10111345, 8 1111100438, 5
113,11.175,10. 11111800· ignosco 510, 18 · 1111111111112,5
1101115043 1010101430,18 · inchoo 11319, 20
11111111 humaniter humanitus 11111101 111131 217, 4 incido 488, 24
11 70, 4. 78, 9 -. 11 1111111 1101111110 123 17. 147, ,incipio 481, 8. 11302, 18.
11111111 289,5 13. 214, 14. 312, 12. 11 3020
1101111189, 3. 289,5. 111101 523, 10 · 11111011278, 15 ,
1187, 5. 377, 5 111183, 13. 144, 11 1101111111111 141, 10
hydrus 224,.14 11111111 83, 13 ,incommodius 371, 5
3011111170, 25 111111111101011 70, 12 110010111111 11211, 28
hyphen 11 520, 8 Ilioneus 391, 15 inconsonantia 371, 5
001111118518 1111 fluite denominatim 131, incrementum 125, 19. 11η
18 1111111111 83, 20
1112111117, 1.5 1,3 11. 25 Iliturgi 205, 5 increpo 11322, 23
gu. 1112121. 14, 1. 88, 17. tlte· 181, 7. 228, 3. 577, 20. 1111110489, 12. 507, 3
9, 12. 298, 4. 303, ’211, 578, ’24. 11 142, 17. 30 incumbo 489, 12. 597, 3
’ add..) 4394. 453, Ι. 454, 147, 7. 108, 17. 500, 20 11101 289, 24. 510, 3
24. 557, 17. 590, 8. 11 111111302.302,18.587,2. 1111113517. 87’, 10. 82,
485,15.’487, 18 590, ’24. 593, 11. 14. 11 23. 139, ’0
1 finite 1011111 latina et 83, 19. 528, 29 111111111111111184 8. 201, 7.
0111111204,11 illido 11278, 21 214, 7
eunte ξ 1111111322, 29 1111101111 10115, 8 indeuor 235, 5
1 (prononppuillpps, 0011011 111-1001281ἓο ¹3 11000011100185117
11111 1 11111 11 011
7114,28.18,18 1110011522, 34 indigena 11478, 8
l'u pluit 11408, 9 1111111150,19.230,15.339,110101011159,”20
1101039818 2. 359, ’17 'indiges 241, 1'
111111 398, 18. 437, 31. 438, imbrex 1’89, 13 1111010111’,281 2
20459, 29. 48020498, 11111111011488,25 1101011111 21218
11. 497, 18 immo ll 199, 18 ·11111011111218,9

0111101101 unnim m. ι 37

1

 

