11101111 8911197011191

11. 481, 13. 482, 21. 486, 19. 492, 5. Homerus 11. E 322. 499 4598

405, 30. 510, 6. 514, 18. 526, 5
0100003353δᾷ72. ad Virgilium de accenti-

11311111111 u. Cassius
Herodianus l. 8. 2, 21. 61, 19. 195, 8.
205, 7. 244,·17. 1195, 13,492,1·1.
591, 13. iu 1 catholicorum 279, 10. de
orthographia 45, 9
Heliodorus 1113111003 11 429, 1416. 427, 2.
428, 5. 16. 17. 25
Hephaestion metricus 426, 15. p. 112 ed.
0131101113οΛ
’1101οά03312 11357,6
6 1128518
14 11 294, 9. 3694
17 1137216
19 112992
22 1136919
30 113130
99031011 359 33 , .
, 76 114098 ,
91 1139920
214 11 271, 27. 325,3
11196 11411,13 ’
11119 113294
65 11361,3
11111198 113589
Hesiodus 11 436, 9. 432, 23. opp. el dier.
255 30. 11- 274, 5. 11000003 1141,20
Hipponax 286, 8. 1142917. 428, 24. 101
11429, 19. 22 ’
111010110100111310148, 12. 11236, 29. 315,
Homerus 11 179, 22. 182, 4. 432, 31
11. Α 12 111298.
49 4598
71 11 34, 10
31 1111011
8830. 11 214, 21
114 11287,17

135 11311, 5 ,

133 11 301, 1
131 1133, 15
255 11 100, 3
” 275 1113013
11310. 11130, 13
111 131, 13

Ζ 124 1133, 15
331 11 33, 7. 312, 23
Η 113 1133, 15
Θ 19 11287,12*
24 11195,17.359,16
287 11 299, 8. 28914
1 247 11 33, 7. 312, 23
527 11298, 12
656 30. 11 309, 13
J( 378 11 14, 29. 15, 22
416 4598
M 231 239. 22. 331, 6
239 11394,2
Ξ 1 39, 23
’ O 256 30. 11 151, 14
538 11 189, 21
7377393011285, 5
Π 235 · 38, 11
280 30. 11 186, 15
Ρ150 1134, 10
16 1134, 19
548 11 187, 13*
Σ 58 1134, 19
Τ 362 11 34, 8
‘P 83 ,11 348, 17
234 30. 11 194
377 11459, 8
Φ395 11419, 1
Χ 387 11 314, 29
a 130. 113699
1-15 1134, 10
- 271. 275 11331, 24
391 1133, 15

Ι489 11 2897. 327,25 -

911. α 6 11 266. 21
33 187,13
193 300. 63.1
039 11 18, 24
13384 4598 , ’
1391 114193
. 199 30. 11187,8
91 11 15, 23
μ 73 11126,’19181,13’
0295 11192
389 11 266, 6. 28912
1345 11337
ρ 172 30. 11 129, 11
0333 11331
2423 1129919

· , 592301118918 1101311113 598, 15. 591, 71 (u. 01111). 11 397,

1191 11 33, 15
107 11268, 11
305 1141, 21
537 11418, 27
761 11192,19

Γ277 112092
33230. 11 18, 22
351 111097
383 00. 11 103, 23

41178 11239, 21
319 1136918

Ε59. 86 1115,4
178 11337

24. 439 9

’ earm. 1 1,2-130. 385, 6

21130. 14417
4, 4 397, 10. 432, 1
6,7 · 39,15.277,6
1310. 11151, 22
7,13 2097
8, 1 287, 5. 1145914
330. 11 1312124921
9130. 2698
3 1141197
191 , 3627
1630011 222, 10

 

