INDEX RERVM ET VOCABVLORVN 583

1160100111010101011127 2 0 littero 21, 4. 30, 7 (11. neptis 253 3
1001101389, 19.591, 19558, add) 49, 10 neq 110 11 25, 1

17. 11381, 4. 450, 25 000110 nomino Graeco 1498 nequam 95, 5 118, 7. 123,
moribundus 137, 18 00001000000110011011129, 15 21. 148, 4. 215, ’11
100101387, 17111390,17. 0011010513,Ιο nequaquam ll 74, ’24
323,14’301, 18 nanciscor 5137 ne ue 11 96 16. uec ll 466 ·
μ150001112,0’ - num 1190, 24’. 192, 13. 194, 8. 000110 ll 192, 9
0001143812. 010001001ιά1 5.,287’8 nequeo ll 528, 11’. n'equit
u. antiqui iuniores ueteres napique1ll62, 13 nequitur 390, 19
motoria 75, 9 νάπη 250, 8. 11444, 33 nequiquam Il 74, 23
100000 22, 4. 452, .1.2 598, 1101149,11..222,11. 223, 4 nequis 179, 00, 103, 15

17 · 00110110Ἰί 431, 4 nequiter ’11 59, 9*
Μοῦσα 27, 21. 44, 10 0110001388, 44.’ 389, 8. 438, qu qe289, 14
1001112928. 79,’1 2011299 27. uatus 48, Nereus Nerine 08, 7
010 linita 110101110’280,19.10,]1317,13.370,15.11000100217,27

320, 3 404, 39 Ν4010000,14.1100101 ll '
11111110’33,2 0010100 441, 24 523, ’25
110100110201, 12 natalis 332, 19 Nestorides 66, 14
mulceo 491, 19 natrix 105, 15 neu 1196, 5
Mulciber 159, 20. 239, 11 000101152219 neuls 1158, 0*.9*. 59, 3*.
mulgeo 486, 8. 487,4 noualis131,4 0000111158 9⁵l
muliebris 133, 21 · 0000129413 1100101197,5.’220,13.11
100110111523, 28 nauigo 11207, 21. 271, 8 7, 9 23.’ 450, 2. neutrum
010111000011410,5 01101039, 2. 344,7 552,10
multotiens ll 78, 22. 123, 1100111129, 2. 39,2 neutiquam 1174, 24

20. 415, 25 nauseo 11409, 28 neutralis 139, 25
10011001 1169, 29. 76,11 00111029, 2. 39, 2 11010429,23.409,12.479,
munditer 1179, 29 ναῦς 39, 2 4. 538, 2
muneror ll 208, 17. 273, 1 ναύτης 39, l 011101,’5 ”
municeps 140, ’23 (u. add). nc linita ,0000001111ἓο 10101- 1110εο Nicia 73, 2

107, 7 nina 07 14 08 nigreo 01010 010οο 398 14
municipium 108, 3 ue coniun1ttt3 1139, 6. 09,1111111147,14.214,17.111-
100010000110191’, 21 15. 01,13. 07, 17. 84 10,101110120421.11111111121,
1001111000 120, 12. 1152317 90, 1.’0. 13. 99, 28. 101, 11. 204,12.504,3. 11224
munimentum ’,125 29 0. 163, 3. 200, 3. 400, 2. 16. 523, 3
munio 34, 24 . 479, 22. 488, 29. 521, 21. 0111110 minus ll 395 25. 338,
010011111031526, 4* 00011οΙ11929 21. 349, 14
munus 274, 19. ’11 493, 29 110000Ιί0327, 26. Nto1tt01te νικῶ 11331, 11
1001110111’525,32 252,14 0111110185, 9.’ 1109, 28. 77, 18
murmur 118, 16 170, 2 Νεαπ11λίτ ςο00001110110079 11101111111850. 1103,20.’.28
muunure murmuret 396, 25 13. 82,’3 70, 11.7’7, 18
murraeque necessarie 1109, 18 ningr ro 594, ’7
1011101111 526, 4* 000000000011280,12 0101911242ἰ12.348,15·
100027, 24. 205, 5(u cdd.) necesse ll 69, 18. 193, 22 nitedula 197, 0*

“ 325, ’.18 11445, 31 · Ncchamel 312, 29 niteo 461, 0. 509,11

1000027, 21. 33, ’2. 44, 16 11000470 12. 472, 10. 579 21 011131001010 11 59,’ 4*
mustela 0001011000 89, 3 00010479, 1. 530, 8 537, 20 0110100150111401’9. 537,27
1000100257,19.11444,36 (11. 01111.) 011121,12.279,13.594’,7.
100100 0001000008, ’71¹‘- negleg 0523, 15. 525, 2. 11 11521, 0

01111.).29.9, 22. 34, 8. 322, 2 noceo 34, 19.377,13. 11

42, 8. 48, 9 · negotium negotieluut 111, 5 159, 18. 164, 25. ’208, 21.
Muthul 147, 19 ’ Ν1110024, 19. 42, 24. 44, ’16 271, 16. 275’ 3. 325, ’5
Μ111100 80. ’.18 120, 21 neme 297, 2. 11 ’23, 19 000111 11 73, 4. 327, 11’
0101011290,7νέμω57,’3. 447,5’00011011111’58,2*
001011011171, 2 nempe 1100, 17.’85, 0 vdua 57, 2

· 100100 mutuor ’,390 13 000 373, 2. 459, 27. 491, Nonae 11310, 7
lllyeenael76, 15. 1152124 19. 492, 20. 598, 19. ll nomiua54, 8' 55, 6. 56, 28. .

μόνης 245, 2 ’ 484, 8 30919. 441, 14. 563, 12.
5100110245, 2 nepa 285, 5 568' 21. 569, 1. 575, '.6*
myrtetum 123, 26 Nepet 107, 9214, 0 584, 29. 112, 18. 03, 21.

mrtum 100110014211 νήπιον 319, 8 65, 13. 07, 22. 72, 3. 24.
090001 36, 29 nepos 59, 14. 253, 2. 11521, 73, 9. 89, 6. 84, 20. 95,
μῦς ’27, 24. 265, 4. 11445, 12 525, 2 20. 110, 7. 25. 117, 11.

25 nepotulus ’192, 19 121, 18. 125, 19.139,10.

 

