INDEX soutrrouvu

Celer 11. Velius
Celsus, Α1511115198, 9. Arruntius 251, 13.
11498, 2. Celsus 148, 7. 291, 1. 295,
14. 357, 12. 485,·29. 11 11, 49
Censorinus 13, 9. 19. de accentibus 11 27,
23. 45, 25. 46, 7. 47,3 ,
011511511155.27Ρ,239 16. 259, rap ,133
11 11, 14, p. 215 479 1111511181,
rap 218 499 18. 592, 7. 593, 17.
51919. 532, 23. 535, 13. 539, 9. 11489,
37 ρ5520189549 13. 11225 523, 23.

Cicero, ΜΤ511155357 19. 384, 13*. 48913. ·
111 Arato 219, 21. 211, 2. 5. tt. 13 217, ,

29. 247, 17. 235, 3. 351, 2. 594, 15.
11393. 55, 25. 27
111 citor-‘ro graphia 267, 5

15 prognosticis 196 9, 594, 19. 111959

epistularum ad Caluum primo 499, 12
111 1 epistularum ad 11115111 445... ¹.) 527, 8
ad Nepotem 363, 1. 2
nd Pansaml 111913
pro Cornelio 391, 25. 435, 23. 527, 12.
539, 19. 15 Ι 298, 7. 292, 16. 294, 3.
544, 26. libro 11539, 5 11 11219, 25
pro Fundanio 221, 3. 335, 18
111 Metellum 519, 10. 111 contionem Me-
159164376 9. contra contionem Meteili
112 ,1
pro Scauro 219, 10. 12. 317, 21
pro Μ. Τ51115 197, 15
pro Vareno 112, 29. 397, 17. 3491919.
15 Oeconomico 385, 4
111 Protagora 182, 3 (u. 51111). 229, 9.
247, 21. 402, 22
15 Timaeo 11453, 19
111951511551919
15 Hortensio 259, 13. 599, 2
⁴do re publiea 39913111 151115 de re-
55511552559.151111117914. 15
5515511492, 33. 11191995. 225,
12117911
ad Herennium 11. rhetor
de inuentione 13, 4 48913
2928 545, 2
29, 39 8912
1119 43 499, 8
de 5111511594, 24
139193 539, 4
49198 19911
91, 259 5393
1155, 224 2594
99259 49915
’ 64, 259 495, 17
99278 29914
78, 317 5395
1111973 12918
111 Oratore 13, 41 427, 22434, 24
51585111511551157, 18 1137, 9
12, 34 1139917
1937 3897
22, 99 1112, 21

531

⁴ 91151511153511535551527,74 11 75, 2

28, 79 534, 24
34, 95 11918
κ 39, 194 1179, 28
pro 8555111119, 24 359, 17
diuinae in Q. Cneriiinm
1,1 11241,6.149,1,·214,13
7, 23 1133919
1941 11 188, 5. 352, 17. 355,
1239911
14, 45 53918
17, 57 1137919
21, 97 1133922 ·
111 951111115291, 5, 357, 3. 527, 19 11
493,17
111 Verrem
oct. pr. 5, 14
919
1932
12, 39
14, 42
1951
17, 52
551555191155.

119922
112999
485,1
22924
59919
111899
1293
1129919
112992
112995
1124913. 2993
11 264, 9. 396, 23
(1111151.)
1129419
4997
1118992993
3992 3991
49, 163oq. 112999
41,194 113299
41,195 1129913
41,199 112991417
42197 1125924
42199 112992
42119 112995
49119 112997
49111 112998
49112 1129929
' 49114 1129912
45, 115 11 2991918292,
929915
45, 119 112921
45, 117 1129294
49118 112925
49119 112929
49129 1129212·
49121 1129214
49122 1129218
49123 ,1111115511
48, 125 11 29224. 2992
48, 129 11263,4
48,127 112995
59, 131 112997
59134 1129311
52138 11799
59139 112592
54, 141 1125719
54, 142 1117918
55, 145 112594

34*

 

