⁸ 444444 44444 44 4544444444 f 444

apocope 373, 4. 498, 9. Ii 259. 2. 233, 11. 304, ’24. ἄρτι ἀρτίως 11 283, 11

- 111, 2 11445, 3. 498 35. 521, 15 4431441444 uox5, 9

ἀπογιγνώσκω 11 282, 11. 414414 as 129, 15.387,19 4434414454, 9 581, 21. 11
0,4 mmmmaewonaemnmmlr
51πὲορ α it 283, 3. 301, 17 237, 21. 277, 13 Ι 133, 20. 223, 22. 233, 8.
4144130411 178, 14. 207, 4441444133, 7 · 23. 4929. 501,11. 1141-
12. 4144414444ρῖ 11281, 21 ’Ἄρης 'Apa' 44 ’2770 29 tus 54, 12. 5488. 141141-
ἀπολοιφη '5934 θ αρεσκω ἐσκομαι 11 392, tus 54, 13. 548, 8. prae
9999999999 ”11ἰ 2840 ’40 4434145433’383’ ’1’1”’”” ””’ 3300113113 1111.’2’30’12’5’0”3
4.00’1,0,444·444,44444,1310438 ·. . .’0’1”’41”40’240’43’”’ ”’ ”’”
20 Ἀρ pystus 74, 4 artocem
apostrophos 11 520, 11 444,, 41· 35, 7 artus 233, 11. 334, 24. 11
ἀποσυλοῦσθαι 389, 2 Arg ta 40, 17. 72, 15 445, 4
apparere 421, 3. apptur'rt 11 4143144417, 13.’74,4 44444441383
3243 arg ’11444444 11 113, 11 4444445444 35, 3
apprssatio 54, 8. 55, 7. ap· argo 4444434 370,’7. 383, 9 44414 110, 21
441144154441444544548, 15 ,4,44011444444444444 11332, 3 4444444444 ’,35 3
4444114403, 10. 435, 1. 443, 4 iguo 438, 27. 594, 25 4444514444 ,35,4
18 · , arg utor 505, 4 ⁴ 4444140,21.324,2. 1143833
applico 469, 3. 11 357, 5 argutus 595’, l ‘ as ssnita 4544144 127, 27.
4444423812 ’ 414-1414411522, 11 128, 23. 155, 12. 23820.
Aprilis398‚ 17 · 441441152422 313, 9. 337, 11. 348. 17.
ἆπρόσωπα ’ἡὸ ματα 193, 3* Ariminum 8018 11 524, 8. graeca 32 8.
autopat 11 273, 24 41414219, 8 15010 292, 19. 239, 4.

· aptota 172, 15. ’,184 0 Ariobarzanes Ἀριοβαρζάνης 283,3. 11443 230 patro-

44411149, 12. 3441152834 51, 12. 114443 444144144444114437, 14
4341141130 10. 139, 11 aris ’11414441441444144132 21 44239,1.11407,27’.408,

’ 4449144480, 3 Aris 219, 8. 317, 20. 325, 23 413, 19. 4444444144

11331”’ ” ’ ,1331310140 240 44 ..52519122
44114444444444441275. 149,’44444411401,23.521, 15 ascisco 510, 11

13. 221, 1. 313,’12,320’ 44444415411525, 1 Asclepiadeu1o, metrum ciro-
11. 11523, 21 · 4444444444444444757. 11432, 414451444459, 11
ara7, 15. 511, 20 32 asseratis 183, 11’
ἄρ 41124815 24012 firmamentum 11432, 32, 4441144 199, 14

’2,53 1. 255, 28235, 7 armarium 11 432, 32 ’.4441 ιός 29, 9. 38, 5
ἌραψΑ441444’21,3 13 4444444115 11. 433, 21 441533473,’ 1
amitto, 44. arr, io. 11525, rimarum qoor ’2 44 49, 24. riano. 44 ’444, 4

25 . · 43413 Asiaticus11479, 10
44141144 11358, 13 4444444441 11 432, 33 , 4414114 11479, 9
arbitror 379, 8. 383, 11. 11 armiger 179, 12. 11213 24. 1144444222, 4

27418 402, 9. 481, 17 44444115 1147, 28
441444’1,54 11. 233, 10. ar· 4441114411 432, 32 asper 225, ,14. 228, 15
borum nomina 142, 13 armipotens 11 432, 9 asperopr91atu uerba 372, l
445414414211 armo il 432, 34 44444444 aspergo 139, 8 .
4494144142,11.100,11* 25, 3 441, 13. 532, 21. asperitas 128, 17 ,
arceo 438, 317. 11274, 15. 11 ’434, 21 asperiter 11 71, 1

498, 33 . 444444 432, 7 asp 44444 3790 3833. 435,
·ttroesso 35, 5. 431, 10. 534, oratur 375’ 22 . ’10113782

21. 543, 0. 545, 1411 Arpinas 118, 13. 128, 25 asp 1415400, 10. 4353. 4311,
“ 514,11 ’· · 129, 3155, 13. 3370 11. 3. 491, 8. 11353, 10.
ἀρχή 253, 7. 11444, 31 ’587,1. 1143817. 524,12 372. 4
. ἀρχηγός 137. 13 ’Ἆρ’πυια 37, 12 ’(44 441411 4441444157, 9. 11, 13, 3.
. ἆρχιτεκτονεύω 383, 5· arquos 39, ’13 34, 19. 17, 7. 3. ’15.
” architector 379, 7. 383, 5. arrado 49, 23 130 4. 202 2,0 ’,131 4.
434,ss · arrideo 11351 11. 355, 18 32 21 33,1.7 15045 5,
444141444444434, 3 arrigo 523, 10’ 19. to2,³'7*. 1319.

302311280, 12. 30813 arrogo 49 ’23 447, 17. 455, 5. 532, 11.

27.
18,
3.
35,
440,

ἔρ 9,o›v259 ’7. 11444’ 31 Arruns 198, 4. 325, 13 114, 20. 5. 5. 1015. 29,
’ 1143145414114444114444247, 22 ars 1144144 nomino 320, 1 12.111,23.403,11.520,
4444141147 4441411521, 24 15 (cs. 14 1144444) 0
· 4444433,13.133,17.109,9. αρ3ρ44202, 11 asporto 1147, 27 Q

36*

 

