lNDEX 8011110011οΜ

003111ιο Aeneidos
1111 320 sq. 1131, 24. 345, 3

325 sq. 380, 20. II 301, 25
327 sq. 110014
33330. 11118, 27. 201,3

0 000000,

14. 328,2
350 85,10
307 478,5
308 305, 18
· 373 11377,0
31330. 11300, 21. 315, 12
375 47,Ῑο
403 sq. 11153,14
410 1141, 0. 55, 3
410 11307,2
433 242, 17
401 3533
40700. 11283, 7. 302,7
402 sq. II 103, 0. 203, 20
52000. 314,3
50000. 11238, 2. 230, 10
50301. 1111313
504 11100, 14
50030. 440,3
001 sqq. II 252, 5
000 504, 12
028 11322,7

050 11 307, 11. 310, 11.

ml
00000
m 00
vl 000
0 00000

13 1105,11. 101, 0. 130,

7. 235, ll
15 11401, 30
20 350,1
330. 237,0
30 353, 17
45 300, 18
52 170,17
01 sq. 113232
10000. 477,7
12501. 1182,3
132 sq. 480, 1
13000. 375, 3. 11221,3
140 540, 24
142 sq. 38, 13
1-14 11410, 32
150 305, 15
130 11321,3
138 sq. 344, 15
105 11007
211 335, 11. 300, 3
247 3503
270 400, 13. 533, 0
282 11 203, 15
235 11 285, 20
301 02,7
32100. 11105,3
331 sq. 435,5
313 11314, 0
353 11271,2

11000Ιί10 Aeneidos
’ V 374 527, 14

m ma
m 000 ·
40 000000
10 m&
0 000
w 00
m 007
0 mm
0 mm
0 001
,00000
Μωῡ
,004
mm
‚mo

Ξ1000.
570, 0. 1120313. 201,0
285, 10
000
11303, 21
q. 04, 15
207, 5
200, 12. 310, 4
,000
111430
. 1132, 4
· uma
1134. 14. 300, 22
11404,30
110010
000000
101 eq. 11211113
105 470, 10
170 11231,14
187 sq. Π80, 0. 240, ll. 243,
8. 280, 17
203 1155, 5. 373, 14
201 11500, 31
244 304, 18
m 000
208 1154, 10
270 sq. 115412
274 11480, 1
280 sq. 304, 10
280 2308
302 580, 5
304 02, 13
307 303, 21
11331, 13
334 327, 21
350 471, 27
351 11331,20
w 000
372 11 310, 23
400 320, 10
405300. 1100, 22

 

