INDEX astat-'nt ET vocaavtoavnt ’ 565 ’

, bello 5441164303, 6. 11364, cinips 18, 6. 10, 21 caligo 4444444644 11 522, ’.34

ll. 1461164330, 24 41441611 522, 11 523,1
56116641111,20,1143417 11464164 13, 22 caligare 574, 19. caligatus
4464 porcae u 444 9 6444444 44 446 46 444, 44 664, 44 · ,
566663ομ7 100,15,’ 11406, 34444466 18, 11 6441144167,1.11520,1 '

21 βρ’ vass 193, 211 ¹ Galles 245, 4
414144 4411504 0 56 44,6506 13 0441116446 40, ,15 Calliopea
bene 1168, 23. 3322 56116146 nomino 33, 7. 230, 24, 17
benedico 41263 21, 271, 18. 10 326 3 661116 160, 12

273, 20 ’ 5656 141, 18. 206, 0, ll 06144 6201, 7
566144444641158511. 70, 20 523, 1 - ,’661646614506, 14 -
56611460, 27 56561666136.10 6616646164 370, 0. 385, 2
bessis 11 498, 25. 416, 20 561664116144416444444114444124, 0 661644 506, 0
641444 11400, 25 bundas 661444 4144166114444137, calx 159, 10
beta betaceus 116 2 16 , Calypso 210, 6
4444 446, 46. 446,· 44. ooo, 44644 444 4 camna 444, 15

10 566661466441444411446 130, 14 Camillus 115, 4 ,.
5156166 138, 7 Butades 55, 8 0464666411522, 25
biceps Il 4,10 2651614446 5646614314 · campester 230, 22

2331632317 buxus 23, 10. 142, 14 campso541, 15
bicorpor 236 5. 11 415, 26 Brrra 230 7. 286, 5 666664151,15,232,14
biduum 11416, 25 3144444166 1433 “ 64641616 120, 12
516661611416,22 ’1 candidus 5785 ⁸
bifariam 11 78, 28. 416, 27. 6114464612, 6. 13, 4. 21, 6. canicula 115, 8
1416666 11410, 20 ’ ,1,34 13. 47, 4 1 6661466 70,16
bigae 126, 13, 11 410, 32 61164444 neutra 145 16. 212, 4444646 79 10. 115, 3. 160, 10.
511611465, 13 cacemphaton 594, 20 , 3533 ,.

51115416 11415, 21 66414664 11523, 26 cano 460, 4. 520. 3. 530, 4.
bimus 11416, 23 “ 6641622, 8. 438, ¹24.'450,.4 571,13 1146211400,
14161 126, 2311 112, 13 10. 513, 11 11

binoctium 11410, 25 caedes 243, 7. 353, ,l 666664613313

5144444666 11416, 23 caedo 460, 2, 401, 20. 514, 6444411666 113, 2. 1210, 10. ll
bipennis 160, 4. 330, 7 ’ 23. 518, 12 4 407, 4

bipes 11 413, 24 caelebs 18, 10.. 131, 5. 11 66444146 ll 457,5

516 11 38, 15. 465, 13 526, 15 6664643311, 1146316.
5166166611416, 23 · caelestis 133, 23. 351, 22 'tono

51464666 465, 13 caelibalis 131,5 66646611467,4

blandior 370, 3. blanditus 666116616202,15. 1152217 6644644113, 22. 140, 0. 11

464 44 mercenariae 44
blanditer 1159, 5*.70, 20 caeno 375, 15. 378, 5. 4331 6444461114 110, 16. 231, 3
56 6614666456 446, 2 23. 512, 16. 565, 27. 573, Capenas 128, 25. 155, 13.
concensus, 17. 5633 βοη- 20. 11260, 21 ” 11 4148 17. (aperiatis 337

04041433313 caepe 100, 1. caepe caepa 15 .

Boeotorum 1144966332 40,6 20313, 11445, 11 capesso 431, 10, 535, 10

(u. add..) θ36664166 6466 Caere 20, 20 6644141616 251, 12

425, 2564444141) Caeritis 134, 2 ’ capillatus 441, 22
Bogudtoa 1. 213, 15 06666421, 6. 113, 10. 127, capio 22, 7. 25, 3, 450, 28. ,
bombax 1150, 4* 6. 140, 11 407, 17. 403, 25. 644646
3666613231 0446664666 00, 1 ,4 644446611222, 10
566644 11 346, 20. 481, 15. Caesarianus 76, 6 capis 251, 12

521,13 , 666666611460,16.461,10 cap italis 131, 3

, poao', 5 66144614666611210, ll 0644146121,16

146625,1. 27,23. 25316. 6441664118, 0. 2 cap preolus 112. 16
320, 3. 350, 2. 357, 13. calceo 390 3, 010, ll. ll capricornus 211 11
455, 8. 14661617, 11 459, 20 caprig agentis 100, 0. 202, 10
,6634 253, 21 06161466 2330 , Capsa 201, 17
Bostar 222, 4. 313,13. 11 6441616476, ll. 11460, 20 0646611522, 21
· 446, 16, calco 11356, 10 caput 21, 8. 324, 5. 341, 0
3661644444 403, 11. 455, 7. calefacio 376, 24, 377, 9. 0646114666682,4
1123417 402, 13. 440, 20. 11276, carbasus 159, 11
6641425,1.27, 23. 455, 8 21. 6616114 377, 10. 11 66456 11 523, 1
66414644 ov 154, 20’1 200, 6 , carcer 51. 15
braccatns 441, 2111, 502, 16 caleo 378, 13, 303, 12. 66· cardiacus 59, 15
bracchiatas 441, 25 ι 1446430312 66441166Ιί6 131, 3

t

 

