518

Terentius iu Andria'

lxlmx 5151110111

mmmnmw

22
21

11 137, 15
11167, 12*

21171. ΙΙ 1111, 3. 213, 21.

26

211, 1. 33112
267, 13

manau

1
m
m
5
n
w

11 213, 21
11281,11.326,16
233, 16

ΙΙ 216, 11

11 11. 26

ΙΙ 112, 11

·. 227, 11. 11 7, 12

11 111, 11. 11111, 3

ἶ 113651

mm
lmm

r ΙΙ 191, 111. 2113, 11

mm
mv
mm
uma

· mmm

mm
mmm
mm

. 11 187. 111

,’· mm
μωυωῖ

211

11 61, 21. 72, 5

3· 11 31. 21

11 266, 211

,.qu

152, 11

ψηωῃ
·155

1156,7

'⁴1mm

11 161123
5112, 111. 11 1116, 8.
267, 19

. , 11 1116. 21

(1

11 337, 7

&mmmm
mmmm
&nnuma

111

11 1116, 7

mmmm

m
5
m
w
w
5
w

m

mm
mm
mmm
mu
nmffi
555
mm
mfflw

inEunuvhoprol.l sqq. 11 181, 15. 122, 311

32

11, lsq.

26
311

nml
namma
ma
nmamw
nmm

Terentius in Eunucho

1. 1
23 1133521
23 sqq. ll 211. 1
21 1152, 11
33 111916
11 11 137, 13
53 11331. 13
11119. 1133112
111 12117
1111 1131113
166 11691*

11 111 113311, 8
26 sq. 111, 2. 1133111
23. 25 11911
2, lsq. 11 352, 8
11 1149, 27. 115. 16
12 161, 17
13 11322,17
111111. 1135116
111 11351. 11
23 5759*
31115. 51136

, , 31111.1011,7.11328,17

w mmmmm
m nwst
n mmmmm
mmmm
5 Μ1
m mfflmfflm
ae nffiw
m uQm
wwnmw
ω mm

11111 11371111
7 11351111
Ίεᾳ. 1111125
10 1112
34sq. 1132211. 35111.
355, 23
12 561, 17
15 11331111
1231. 11121
15 11311115. 13
33 ll 225, 12. 321, 2
, 331ᾳ. 111991
36 117
13 112211 l. 332, 19
53 1115536
3, 21 161, 12
28 111125
1,16 13311
5, 31) 11 1111, 11
11 159,7
5111. 391. 355112
52 1752
7,1 11118,1
uma nmae
l2sq. 1122111
3,3 161,21.11235,15
7 1136111

22 5821111122. ἡ

 

