lNllllll RERVM ET voctuvauuvu Ι ⁴ 581 , l

lymphor 434,l manes 359, 5 mediastinus 80, 13. 11481, 23
lymphatus 11111111611114427 manica manicatus 441, 25 11111ὶοὶ11120, 18
Lyrceus 1111111172, 11 11111111111168,26 1116111111111111388, 18. 393,
Λυσίας 239,5 manipulatim 1159, 4* 2. 11273 3
11111111203, 5 medietas 128,7
m littera 10, 15. 20, 15 ( μανθάνω ll 325, 13 medimnus 3⁰6⁹ 21
aad). 49, 7. 589, 25 Μ11111209,15 1111111111 523, 28
511116111111208. 10 Mantua 11522, 21· mediterraneus ll 1828
macer 118, 10 127,19 1111111111 131, 9 1116111111111111481,23
machinor 379, 6*. 382, 5 11111111111139,10.562,15 meditor' 379, 11. 567, 14
μάχομαι 11 349, 3 “ 1111111268, 6. 373,2 1111611111480, 33
111111113012 Marcellia ll 522, 10 μέγα ηγοῦμαι 11357, 18
1111111235, 1 111111137813 ·. Μεγαροῖ 11 350, 12
Macrinus 79,4 1111111111 236, 12 Μέγης 245, 6(u. add.) ⁸
1111111550, 10 1111111235, '1 μεγίστη 174, 4
1111611111 137, 10 1111111310, 15. 564, 3 μηκέτι 18. 1
1111111235,2 marito 433, 23 meio 494 16
Maecenas 325, 16. 1152412 maritus 139,14 μειον μῆον 71, 11
, Μ111111111177,2 margarita 143, 14 mel 175, 16. 176,8 310, 16
1111111419, 11 marg o 141, 18. 145, 2411111111111ς272111144536
1111111419,12 208, 12 μελάνθιον 167, 8. 214, 6
maestiter ll 71, 1 1111111178,21 μελάνζοφος 51, 12 1
1111111140, 3 μάρμαρον 1111111125,11 Metaon 111 224 ll
magis44, 6. 1132511. 338, Mars 11514, 31 a. llilnors μέλει 110231, 19. 326, 18.
24. 344, 16. 348, 21 lllarsyal43,9. 202,12. 239, μ418, 25
magister equitum 440, 5 7. 286, 5 μελετῶ 385, 16. 567, 14 .
magistratus 256, 6. 11444, Μαρσύας 143, 8 Μελικέρτης 143,11 ,
31. 525, 3 Martialis 131, 2. 335, 18. melior 89, 2 1
magnanimitas 177, 24 347,12. 11515, 3 μ111111326,12
magnificentior 91, 21 lllartiaticus ll 514, 33 membrana 77, 19
magnitudo ll 522, 34 Martius 69, 3 membranacius 136, 2
1111116161329,5.23μ1111111 382,1.384,10 memini 560, 22. 11280, l.
Μαια 37, 22. 39, 21 μάρτυς μάρτυρσς 217, 3 295, 23. 298. 9. 328,3
maiestas 128, 21 mas 239, 3. 351, 25 Μέμνων 220, 11 l
1111111189, 3. 346. 12. 11307, μασῶμαι 403, 8 1111111235, 10. 314, 3. 11
21. malitis 14, 6 5111111111229, 8. 11515, 2 524, 2. memoris memore
maiusculus 86,4. 101, 11. 1111111124, 9.36,20 341, 3. 3543
ll 496, 27* uorat& 386,14 . memorell77, 12
maledico 374, 20. 440, 20. matertera 142, 2. 418, 0 11111116111177,12.524,23
1126821. 271,18.273,111111111165,14 1111111111235, 15
, 19. 325, l 111111111111111111111111111111111μέμφομ1111326, 20
malellda ΙΙ 113, 10 mus95, 12 μὲ116111356,21,364, 15.
“ malesana ll 113, 11 matutine 137, 7 368, 17
μᾶ1111111325.10. 344,13. 111111611176,18.80, 12 1111111130, 8
34820. 162511111325 511111116814. 320,15.11 Μένανδ 111 224, 10. 272, 5
10. 348, 28. ’ὅτιμάὶιστα 515,1 , 8111111367
. ll 306,1 1111111129, 13. 110, 6 111111112613
15111ῑῦ40118 1162 Maximinus 7,9 5 mendicor 376, 6
malum 1111111142,11 maxime 11 325, 11. 348, 21 Μένδης 244. 10
matus 12111611116521, 13 11111111951197, 14. 111- -,Menelaus 466,2
11111111204,20.11111111 1111111174,4 1111112454
121, pl3. 204, 12. 564, 31 μᾶζα 24, 9. 36, 20 Menoetius Menoetiades 65 20
11 224, 12 ,11111911145123 11111111 221, 4
Mancinus 78,4. 79,6 meatim 448, 2. 594, 2. Π 111111111111134120.11111111
mandatum mandatela 120, 9 528, 25 11111111222,16
1111111397, l. 403,7. 419, μέχρι1132619. μὲχριεως mensurium 75, 8
·‘ 12. 435, 2, 44314560, 1136211 11111111130,23
12. 11268, 17 Medentius 24, 6 (a. add.) mensis 3536
mandor 397,1 · 36, 21 menstruus 81, 12. 136, 8
manduco manducor 396, 25 1116111388,17.436,7.560,“ mensola 114, 7
mane 552, 8(1. 11111. 11 9112132 mensurnusssl, 12
68,6. 148, 20 111611111111111121120, 11 mentio 1111111391, 14
maueo373, 1. 491, 19. 11 Mediamaa11182,8 mentum 61111 demortuae 125,
484,7 1111111111 11481, 25 12

 

