INDEX RERVM ET 106181100151

5115501535 45, 12
circumcirca 1141, 15
circumdo 11 340, 22
circumeo 45, 13
circumfero 11 41, 4
5515105441, 23

515 11 38, 28

citer 98, 7. 11 40, 30. 5110-

110185, 4
551151151511208, 15
5111105 1180, 8
5111010585, 0. 08, 4. 1140,
511111οεὶ015 1158,” 3*

567

5515 404, 1. 520, 8. 11274, concedo 11 343, 26 '-
16 conceptio 11 183, 22
051 5515 11101515 01511001511 555555 100, 12*
460, 12 . 5555515 26, 20. 160, 12*
(101551511522, 11 5555111550511183,23. 555-
55105 27, 12 511155115 uerba 11 4, 17

5510551 colubra 233, 13 55011115501010 124, 2

columber 150, 10 5005151105 11407, 6
colurnus 70, 19. 81, 12 50551510 352, 12. 372, 0
5510510011. 260, 10. 11 5600015153 concorde 341, 18.
5551515 271, 10. 282, 11.
5505105441, 23. 562, 16 341,14,354,13. 11515,
5515501517,18 15

445, 23
5551 5051 11 30,10

5115 11 60, 7. 72, 25. 80, 13 55105110 121, 17.520, 1 concubitus 363, 16

5111111130, 2. 40, 25

51015 344, 18

ciuitatium 55101011 321, 5.
1100, 4
15011130,21.45,1.51,11.
52, 12. 74, 23

515100 1127112

clanculum 11 30, 25. 51, 21.

03, 8, 80, 10. 88, 22
51551155ῑί50 11 50,,10*
clandestinus 11 51, 22
51515 1108, 22
5155515051 11482, 25
classis 11 482, 20
51501155 514, 15
5111011155 514, 16
5150115 514, 16 ·
5150155151 11 353, 10
Clementiana 86, 12
5115551200. 11210, 24
clientela 120, 0
5111115514, 15
510515100,11.160, 11
Clurda 202, 0

5011011505155432, 21. 446,0 5551551511050410.5551-

555115, 15

cochlea 333, 14

5551511120,Ιο

5555 coq uo 504, l

50555 30, 14 120, 10

0511111155’07, 10

5550 304, 25

555015 500 12. 11302 18.
310, 20. 5550156014

5051555 438, 3. 17

553110 431, 4. 11 310, 12

“ cognatus 1121027. 28012.

352, 13
55351105 430,18
{tertiani 13 ⁵⁸ ⁰

collarium 75, 8
collega 121, 5

5511135 11375, 11
55111505 78, 24

501115 78, 24. 160, 10
collisio 11* 421, 10 .

” comoedia 40, 3

copo 461, 14. 508, 34 527, 5515 5510530810300, 18.

551555 lineo. 11210, 26 concupisco 434, 23
comica uomina 283, 10 concutio 446. 20
55000511400, 13 5551151505 438, 17
commendaticias 135, 23 550110 375, 21. 404, 15. 461,
5515050651 384, 6 11. 516, 0
550055155501555101302,11 confercio 542, 24
commemoratio 11432, 3 confestim 1175, 11
commilito 11 210, 27 50011515 377, 7. 401, 7
comminiscor 327, 8. 514, 8 55565151377, 7
5555510551178, 12 confirmatio 11434, 2
13553115000111, 1 ’011555 1358.’1111,”51”1’5’1, 255
5500510511210,5 5551515 450, 21
55015015 5501515101 302, 0 conformatio 587, 24. 11 437,
commouerit commorit 11110, 32 ·
12 conger congrus 224, 12
555310115511211. 20
compago 180, 15 5551055505105478, 11
5500101156555155οὃ83651 coniugatio. 15015110 ll 420, 2
5
5501 1115115511 215, 17. 218, 26. 460, 0. 404, 22. 408,
201318010551005151155 15. 470, 0. 507, 0. 11450,
ffimnwfflm·
500115 438. 11. 443, 2. 447,
13. 453, 28. 465, 1. 476,
7. 500, 1. 571. 8. 574. 2.
mmmmm ummwmm
compassio 5505 « 10. 1511111420, 10. 443, 3.
compello 434, ’.28 443, 18 447, 15. 453, 8. 36. 404, 1.
5510055110 303, 14. 401,1.0171’1111055400454).01714,444. ,
cmmm‚m m.’mmmmffi
compes compos 20, 18. 134,
15. 5515055 241, 15
5551 51042112. 511,15.
500, 10. 11343, 0
50010 15515303 8
55150 plector 370, 8. 303, 8
compos 253. 5. 326, 8

aestiuorum neuim 15 01
7,1. 55 5115115115 115
riuala 5500501110οΟ, 7

18 0511110420, 15. 443,
4. 447, 3. 452, 24. 453. 8.
472, 27. 473, 0. 476, ll.
538, 23. 557, 10. 11450,
21. 528, 3. coniugatio 005-
5150100111454, 25, 100-
111351155153105505 445, 17.
consonantium ia 5551105115-

5,10.11146,13. 15 115 mutationes 401, 23

1155511105 55100551115555,2 coniunctio (a. 5511155055)
54, 0. 56, 10. 551, lo.
55105151551155115012* (11. 1151,55.15,13.31,51.

comprobatio 11 247, 25

555.) oa, 1. 111, 15. 115, ao.
cou· 11 15, 1155. 50, 15. 1105. 01, ,5. 105, 15.
5011 1oa, 1. ta. raa, ao. 155,

 

