111331311311131133111131131 113 ’

uas 155, 22. 239, 2. 309, 11. 482, 27. 484, 28. 528, uerbum 131311133193 413 21.
11. 325, 18 (1111811117. 1131313833131373, 10. 420, 17. 425, 13. 432, 9
328, 8 ordinatio ΙΙ 224, 22. si (11. add) 450, 1. 580, 21.

uates 353, 2 3311131113 378, 1’, 373, 9. 599 23 11181 24 229 20

331131331389, 10 584, 28. species 427, 10. 241, 18. 418, 25. 485, 33

uber 159 15. 152, 13. 343, 25 uerbum · inchoa’tiuum 418, 24. 421,

333113112814 151313133389, 16. 393, 22. 3. 427, 18. 508, 3. 559,

35118219. 1171, 19. 83, 1154, 28. 159, 15. 164, 27. 11471, 8. 514, 13
11 88, 25. 123, ’18 132, 23. 270, 10.275,41333113111113111’372,1
23. 134, 10. 138, 20. 348, 1333131113313 11288, 1329. 1331331133111111133111133111 111-
19 271, 29. 272, 27 finitum subiunctiuum 11.·

3111311111 135, 20 ’ 33113313 373, 15. 371, 11. modi

ubique 184, 13 11313 13. 31131 3111311, 33333133111111 1

33119719. 48819. 5 2 10. 22. 395, 25. 397, 4. 131311331811331 11 275, 8
uecors 282,]1.325,19. 1 411, 3. 453, 25. 55815. 1111131131ῑί333 552, 25. 553,
182, 15.’515, 15 584127. 574, 4. 11238, l 16

33311311 123, 14. 11523, 7 14 287, 12. 288, 12. 20. liquidum graecum 447, 4

uectis 345, 8 289,10.271,15’277,4.1134311333111272, 10

331117420. 89, 1-9. 97, 19. 278, 7. 454, ’25 111311113ιί333 418, 24. 421, ·
98, 18. 107, 1’*. 114, 24. 1331183313 11 ’,274 18 8. 429, 15. 49513. 501,
285, 8 aequiperans 11288, 29. 271, 4, 559, 27. 11 514, 13

1131113 133,7 · 29 272, 27. 274, 3 μετἀβατικὸν 552, 28

33111133 4025 1113311333] 11 130, 24 33133113311111274, 17

33118331387,12 · 8331583131552, 25 311333311331311227, 13

3311331111 5282 , 3113111331 417, 25. 439, 17 neutrum 189 7. 309, 4. 373,

3311133 423,5 3133513331 193, 3* 28. 374, 1’,] 375, ’10. 378,

33113528, 18 311103131311111212,21 1. 397, 5. 411, 8’ 11. 413,

1131113 3311131 398, 23 · 8135131133, mecum 11442, 10. 417, 18 421, 6. 425,

uellus 273, 14 20. 445, 17. 446, 7 14. 453, 25. 483, ’10. 492,

uelox 140, 19 casuale 54, 10 4. 55815. 500, 1. 564,

uelum 125, 25. 133,7 commune 374, 2. 11. 378, 27. 585, 25. 573, 20. 574,

3313111107, 4* 21. 419, 10. 557, 28.,588 1.1128719,’277,10.

3334181113 11249, 10 28. 5888. 11200, 5. 270, ⁴ahsolutum 397, 5. 1111·

nendo 408, 18. 518,9. 11 9979, 7 procum 397,5
177, 4 . compositum 434, 22., 437, neutrale 378, 22. 393, 10.

Vener1all599, 10 9. 440,14. graecum 11938, 14 289, 28’

ueneror 387, 14 439, 4 3331133133133111420,9. 538,

33333 377,1’5. 47813538, 113333113311111272, 28 14. 566, 21. 573, 23
25. 543,’ 18 decompositum 434, 23 par4icipiale54, 19

ueniam (15 11359, 22 (138311331338918141822. 311111333373, 19. 374, l.

'uenio 398, 23. 399,10. 401, 450, 15 ”,11 22. 375’, 18. 399, ’21.
1. 477, 4. 1152810. 33-11311313133113111311479,3 391, 20. 392, 7. 303110.
1111111 mentem 11 352, 18. deponens 399 5 374,·1. 11. 22395, 25. 408, 24411,
355, 13 378, 24. 411, 41. 413, 19. 3. 410, ’10. 550, 18. 585,

1111131387,12.11454,17 419,19. 448218501’, 10. 4 11’1,7 0*. 158, 22.

33313131 138, 21 595, 28. 507, 19. 512, 22.· 170, 2. 238, 15. 454, 25

· uentriculus 193, 15 537, 21. 26.’ 597, 10'. 11 [1311331331 421, 11 (11. 31111.)

uentus 11445, 9 287, 19. 2889. 289, 28. 3133313313 11 ’278, 10

1311311289,21.372,16. 11 277, 19 , [1111111ιί33387, 1’1.582,4
511, l.7 525, 22 ’831133113313 427, 11. 549, purum gmecum447, 12

uenustus 140, 4 7. 582, 4 reciprocum 11270, 14

1133133313 107, 9 (131143131111311143118.535, 1331331374, 13 ⁸

311113318919 , 8. 11274, 7 13111311313111 1351138333 11

9111311 11 ’,521 36 (111313113313 11277, 8 183, 7

3311133154, 9. 55, 8111. add). dis 4133313459, 1943. add.) sep41·4tiuum11977,9
84, 15. 389, ’1. 593, 42. 1111113111 389, 3 simplex 434, 22
11 ’,116 7. 21. 118, 1’ 12. 11333333111331114,2921.501, subiectum 11271,30. 272,
119, 19. 121, 3. 1’30, 27. 4’.,535 11. 548, 8. 11488, 27 273, 24. 274, 2
131, 14. 139, 2. 133, 3. 17. 477, 27. 514, 7 ¹ 3311133333311-1,’15.419,
144, 9. 147, 13. 154, ’21. funebre 11275, 18' 21. 550, 8, 58811. 582,
155,5.180’19.183’,25. 1131111133111449,17.11237 11. 585, 21. 588, 24. 11
104, 12. 18.’ 185, 20. 168, 8. 278, 15 · 1213. 13,17.'130,144
11. 182, 24. 210, 5. 219, condamm 397, 5. 11270, 152, 7. 153, 18. 28. 154,
2450,’.,’.’1248435488 14 2.’188,13.’203,.5204,

 

