589 1110811 RERVM ΕΤ 1090871001οί

omu'u 358,15.1117211 11 108, 18. 00000015 de· ὅτι 1187, 17. 95, 9. 399, 5.
00000 01 10813322. ¹1¹1 32:3¹1, 18 1000001010 3,,18,8,1)7.4191, 14. 512,’ 23
0 μοιος um or 0οιιι
. ὁμσῦ 11 905, 21 0190011222,10 vuinus 89, 4
00 111ιί10 ιιοιιιὶιιιι gruem 31, orden 175, 17. 179, 8 0011 17, 1’7.253, 19
10, 119, 1. 215, 15. 219, ordinandus 138, 2 uuum 1’7,17.259, 19
3. 220,1.0 325, 20 ordinatio 11 191, 19 209, 27. ux 110110 namium 110,19.
ὄνασθαι 11 333,17 191, 1 199,10.929,12.115202
ὄνομα 57, 2. ὄνομα 010 pu urdo 9100000093 casuum ὀξύς 592, 29
11310,’0(ιι.0010οιι) 189,19 ὄξύιω 592, 29
ὀιομιιιῶιοιία 150,1 01101388, 11. 399, 21. 591, ov 581, 3. 119,1. 19, ¹¹7.
uus 00110 0001100319, 20 10559, 8 192, 27 0301131. 100
00οξ 289, 9 ὁρμίζοοα1’ 11 3239 11 19, 7. 7101187, 12.
ὀφείλω 11 312, 1 uruutus¹¹ 185, 5 119, 19. 287, 11. 118, 23
001101 11 525, 32 90010 9011832, 19 01000μί1100 193, 1*
opino 992, 83117, 9 u5nuudus 138, 2 οὐδαμοῦ 11339, 8
¹ opinor 392, 8. 997, 3.11 uro 971, 20. 434, 4. 481, 13. οὗδὲ” ου 11 337, 0. 340, 5
271, 17 11 191, 3. 279, ’.19 317,1 0391001011919, 10
001108 229, 7 0100100215,11 01111 5715 11338, 22. ⁰51
9517010593,3.11494,17 5 (10ςῖ87 ἦπου ll 338, 23
aaut ιιι 111, 19 502 ’21 ’000000 ’00000 Ὀιφηι οὐκέτι 18,1
1199121 279, 5 0091ξο110979, 1 ”
dangeo 441, 21. 592, 21. 00110 00 91 17 οιλος 287 .
503,2.11’101,17.22 ors 00110 0001100 920, 5 7130113375
80100000011181, 17 όρθοισιιούμεια 00003010 11 οὐρανόθεν’187, 11000071..)
0001100132,13.501,11 11, 8 113, 15. 25, 18. 287, ll
oportet 11’229, 22. 230. 0 ὄρυζα 179, 5 οὖρςσ ’28, 7
7100ῐο011132, 7.191,29 000011000000011111.191, 0130015010
01701019 11 133, 8 22. 253, 1. 319, 3 11 524 051030581, ’28, 589, 12, 116,
ὅπως 11132 8. 209,1. 289, 30. os 00110 8171000101, 20 129101212οὁ-
11) 27· 271 15· 05 finita τισί 11 111,1. rm'no
ὁπόσος 11 132, 7 491, 25 0011000251, 19 105101190817
ὁπότε 11 50, 22 usuris 251, 19. 318, 8. 11 0775211337, ’19.338, 10
87100 182, 19. 1188, 25 171, 5 ὄζω 39, 21

· opperior 100, 19. 540, 11. 0000010251, 3. 318, 9. 929,

11271, 8 ¹¹25. 11474, 5. 0517039, 19 pianr-(1117. 41128 ¹
ops 0711111 uomina 321, 21 ὅς 582, l. 114, 31. 0, 21. 00110100 433, 20
ops 341,9 125,’7. 129, 29. 127, 12 001)017ιω1·2ι’1,12

0οι 921, 21 οἷςΙ 11 30,, 719 939, 5 0001000 0110111001 909, 15

001000 11 198, 20 ὁσάκις 192, 9. paciscor 198, 22. 512, 29
301007011ιώ, 20 oscinum 10511. 17174, 7 ιιι 13 513,οι
0010ῑί000 09, 2 oscito 0001100 997,1 paelex 191, 20
0011111011 9822 osculor 378, 20 0000099,19.1197,7
optimus 118, 12. 128, 21. 0010100139 10. 111717 000070043213501, 10.
129, 9. 00001οι00 192 17* οσ ημέιι αι 1’1 323, 5. 331, 7 11 189, 10. 0101 ιιι11ιι 591,
001110059510. 983. 00-10 800011393111.191,2’0*. 3 11’148, 14 158, 31’.
101107, 19(ιι. 5111.) 0001711905, 29 · 290, 7. 231, 7. 292’, 25.
opulentus 11 218, 3 ὀσφραίνομαι 11279 25.991,, 320, 13
opus 271, 19. ’11 199. 21. 15 0000010105111, 15. 592, 19
opps 0106 1111307 91. 288, 1 3011000171 359 17 p⁸⁰¹¹u¹t55⁸5m9955⁶5555
equuus ssu 110 7
0700110009000127, 20. 151, ὁσσάτιος 575, 4* 325, 13. 0001001100000111-
7. 231, 18. 313, 27 920, ossu 251, 0 010177, 10. 198, 850122
19. 11529 22. 00089 0001110251, 9. 318, 1 0000010010 metrum 11159, 9
21. 00010 0101100239, 19 0301011338, 10 00010180, 17. 120, 21
0005, 15. 11199, 10. 171, 8’ οσιᾶ 30, 15 pago 523, 21
ὥρα 19, 24 ostendo 529, 19. 11 514, ll παιδεύω ’592, 22. 11197, 7.
οωι50011011100110011235,2 ostentum 521, 1 109, 10. 191, 21
ὅραμα 593, 5 0011010011 75, 4 0010011152,1’ “
000170 593, 1. 11 191, 27. ὅστις 54, 18. 1111, 28. 120, Παιαοη '0 ης 244 2
ἕιη αιια ’01800110 1 2.125,1.127,3 1701101910331, 5
oratio 53, 27. 11 108, 23 ostium 11171, 7 1511100230, 19
112, 8’ 113,11. 11’4, 4. ostrum 39 10’ 0011101ιο 139, 7. 441, 1925
119,’ 5. 119, ’.15 permota 1110711395, 3 00100000759

 

