584 8188888888 nn vocinvmnvn

26.131,22.132,11.145, 1818188818. di· 888188ιί8 larcnemper 174,
16. 141, 12. 148,25. 149, syllabam 71, 13 23.17,2
24. 104, 8. 16. 182, 26. nomen hcxaptown 188. 19 speciale 62, 1
193, 9. 204, 5. 210, 0. homonymon 59, 13. 60. 28. subiectum 11219, 29
crescentianam, 8 88, 88. 188, 8. ὁμώ- subsannium n 151, 8
8. 227, 29. 232, 7, 235, tropos 11482, 22. 497, 18 superpositum 11219, 20
10. 448, 3. 404, 82. 407, ¹ impertiuum ll 13, 30 synonymon 59, 17. 00, 29
25. 478, 25. 480, 33. no· 1888888881859, 12 temporale 02, 7. 549, 25.
menabnegatiuum 1113,30 inlinitum 01, 7. ll'l3, 30. 11138,12
88888888818181802, 5. ll 181, 5..132, 3. 135, 11. tetraptoton 188,14
141, 14 130, 11. 139, 21. 804, 2. 1818888811472, 20. epipe-
accidcna 558, 22. 554,6 450,0 81815811
811 aliquid 60, 9. 11218, 21. latinianum 310, 25 81818188188, 10 ’
100 21131633 ἰ31011110 lt 1833 11813311413381411
aicctnnm..,. . ,.,. .,.,.
837 86, 21¹¹. 553, 20. 139, 21. 204,,11. tatto 215, 23. 217,25.233,25.
5515, 1. 8111, 8 131, 881818 8 mo, 1o 888, 25. 151, 1o. 888, 1.
16. 133, 4. 134, 4. 219, locale 62, 8. 1113812 522, 8. graecum 188188
4. 227, 7, 464, 19. 48110 mobile 150, 10. 192, 19*. 411, 15. 426, 2
adquisitinum 11224, 7 425, 28. 115, 12. 11, 3. 8818881118 11 462, 3. 482,
aequiperantinm 11219, 19 201, 8. 449, 37. 472, 20. 22. 497, 18
&muccosum 575, 3* 502, 11 nemina ciuitatium ll 66, 4
8111881188 575, 8* monoptoton 184, 6. 187,,10 = comica 283, 19
888811811888157,9.58,14. 18888881180881205827310 dignitatum 432, 24 (8. ada.)
59, 0. 20 (rt. 81181). 115, numerale 02, 4. 172, 20. 081888830812
3. 553, 27. 588, 8. 12. 173. 20 numerorum 145, 5, 412, 19.
589, 1. 1120,10. 134, ordinale 62, 3. 114133 lotape& 575, 4*
19. 135, 2 8118188575, 3* 'personae primae. et secun-
collcctiunm 61, 21 patrium 61, 4 dae 11 208, 21
commune 150, 1081883). patronymicum 62, 14. 68, nominatio 450,2
11472, 20 18. ll 443, 27. 470, 16. nominatiuua 172, 5. 184,1.
’ 00111111181311811 ⁵· 131888 16 310881· 1228821111
trininitatis 18188888 11³115'51¹lt³l⁷·2tt³
8 1'15, 1, 188, 'a 52¹2, 1' 8181888888 18188, 3. 888188181ιῖ 818

compcelicna'111nm176,13. ll 18. 11418, 25 11. 213, 3. 220, 11. 2210. ·

498, 7 ’ 8818818888 881818108188884 222, 20. 223, 0. 225, 16.
corporale 59, 11 5157* 227, t. eingulmis dccli-
dccompositum 177,11 ποιότητος 575, 3* nationis primae 284, 12.
d‹·menstratiuum611,22. 11 8818888888 1188, 23 secundae 294, 17. tertiae

22, 4. 12 positiuum 83, 2. 11141,15. 311, 12. quartae 802, 3.
denominatiuum 140, 28 (u. 218, 29 quintae 305, 11. pluralis

oda). 424, 18 ποσότητος 575, 4* declinationis 8118188 291,
, (18818811888157, 10. 121, 7. 88888881881808,14. 588, 9. 10. secundae 05, 22. ter·

¹ 421. 22. 549, 7. 502, 4. 14. 11173, tt. 21. 161,¹ 1188349, 24. quartae 363,

· 11182, 7. 415, 31 15. 105,15. 20. 160, 8. 20. 8818188307,12

(1118188118818115,1. 11490, ,109,12. 170, 12. 171, 12. nomino ll 276, 2

24 172, 7. 218, 15. 224, 1. 888 1101, 21. 03, 8. 150,

(11818188188,2 infinitum ll 133, 24 10. 197, 2. nonminus ll

dispertinum11413,24 primitinum 5024 838, 21. 888 parum ll

dintm'butinum ll 1320. 204, principale 57,9 338, 21

11 proprium 51, 12. 76, 14. nongesimus Il 413, 23

ellectinnm ll 224,7 115, 3. 117, 9. 175, 1. noscito 430, 8. 11400, 20.

§ansuescente 11 818, 20 418, 10. 553, 25. 8 88, 811, 11

ἕπιμεριζόμενον 11 413, 25 1311413129, 18. 145, nosco 48, 17. 510, -10

ἒρωτηματικόν 575, 3* 24. 140,]2. 467,Ιο 476,1 νόσος 28, 7

1188881188811 145, 8 redditluum 61, 9. 11 22, 10. noster Il 433, 33

18(·118188161,25 132, 4. 204, 11. 450,7 nostras 302, 18. 454, 11.

ε1111118188 611818111 ¹3l' ω’ 1Γθ11111111116189811101 31 51111 5² *1858118188 111ἰὶ1

,88ιὲ 51, 8.’8 151, 10 881, 81. 881, 11. 81), 7 1⁷82 88. 588, 18 ’

graecum ll, 18. 12,19. 29, similitudinis 01,9 contante
, 5. 37, 12. 21. 40, 10. 41, simplex 177, 10 notco noto notesco 397, 28

 

