tucax 1111111111 8790040110111151 ' 575

171,11.11275,5.13.283 24. 001010001141,1. dl· Geta 239, 7, 86,4

5. 301, 18. 521, 28 minutiuorum 102, 2. 115, 31001101 1127 ,25
fugitans 11 100, 2. 217, 19 6. participiorum 555, 20. gigno 528, 25
101010 502, 12. 539,1. 542,22 580, 3. pronominum 586, 31101151 11454, 26. γενό-
10130010130 445, 3. 479, 3. 3. 1110010. 0011101010 1100005534

480, 1 373, 10. 11267, 6 311 167, 8. 214,5
101130 11522, 34 , 3011011000 185, 14. ll 17, 2. gladiator 1123

. · 1010111101 450, 9“ 125, 19. 161, 14. 175, 5. 3111111100 442,2

1011101 perfectrus34,24. 130,2 213, 3. 215, 17. 24. 29. glandula 115, 18 -
funditus ll 78, 2. 528, 30 2181, 221, 11222, 15. 31000281, 15. 310, 11. ll

mmmmm mmnmmunmmmmm ·

’10010 150, 17 · 231, 10. 276, 23. 29216. 3110 249,8
1110021, l ’ · 293, 18. 315, 21. 377, 4. globus 31, 10. 170,2
10111, 21. 27, 23. 155, 3. genetiuuspcssessorisll1119, glomus 31, 10. 170,2
237, 22.·325, 15 13. 176, 11. 172, 6. 173, 3101101389, 16
111111 118, 22 21. 3000110000103010110110· glos 254, 3
11110010 103,2 . clinationis primae 195, 19. 1300110111 148, 16. 295, 14.
101101 ll 444, 25 10 ai 37, 16. 185, 0. 284, 367, 18 '
1011500500137, 18 26. 11 112, 9. 10 as 198, Γλυκέριον 215, 21
1010 418, 29. 450, 16 6. secundae 225, 5. 232, 0130001010 01011001 11459112
10101127, 24 8. 258, 20. 294, 19. 295, 30010048, 15
’1011110 11700 21. 1010041,10.70,13. gnosco 18, 17
1010000100 109, 4 196, 19. 197, 12. 213, 9. 3000110000100122,4,001110
luscino 80,17 226, 3. 228, 5. 266, 2. 445,9
1011110 tau-25 465, 1. 11 5, 17. 7, 5. gobio 20,“20. 255,8
111100 556, 13. 11473, 13. 522,14. 1011100228,19. gangen 25, 26 ¹
487, 1 234, 8. 249, 5. 257, 19. γόνυ 26, 18
5001005689 278, 20. 280, 10. 281, 10. 3051111280, 7,
324, 0. 1111246, 16. quar· 0011101121,8
3111101012, 13. 20,· 9. 30, 100185, 4. 255, 14. 362, 1011100011 145, 12
12 (0111112135, 2248, 11 22. 101 257, 18. 304, 10. gradior 438, 21
Gaddir 234, 10313, 24. lI quintae 356, 1. pluralis gradus 71. comparatiua snper·-
444, 22 ” declinationis primae 291, 11111110 positiuns 3117
Gades Gaditanus 82,5 20. secundae 306, 8. 101- gradus 202, 16. 203, 12
0011110 3037 tiae 351, 0. 0001010364, Graeci l, 2. 2, 10. 7, 27. 9,
pneumata 21:12 4. quintae 357, 14. go· 11 10, 8. 11, 9. 21. 12, 3.
galeatus 441, 16. 562, 14 00110110 pronominum per· Ι18. 18, 1. 16. 19, 22. 26,
gallinaceus 135, 2 sonarum 114, 4 23. 28, 1. 30, 12. 31, 13.

110ηο110εο00 410, 1 gemmis 131, 2 32, 00. 00, u. 22. 31, 11. ’

puppa 11490, 25 genitrix 11525, 35 17. 38, ,10. 40, 13. 11. 16.
ganeo u 522, 30 71201511285, 18 , 13, 11. 51, 5. 55, 1. 01,
γάρ 11103, 23. 104, 5. 285, genius ll 478, 5 17. 55, 12. 57, ll. 59, 20.
3. 285, 7 - gcno 528, 25 76, 23. 71, 1. 72, 15. 73,
ungarus 111, 0 geraucus 135, 25 2. 71, 21. 10, 11. 00, 0.
gaam 131, 20 gens n 171, 32 85, 11. 00, 11. 27, 32.
gaudeo 120, 10. 182, 0. 100, genu 00, 10. 010, 01 · 131, 11. 101, 1. 113, 0.
1. 555, 22. 513, 00. 0 genus 213, 15. 211, 00. 11 15. 111, 2. 115,5.113,1.
307,5 280, 2. 478,5 6.13. 159, ll. 161, 10.
gausape 333, 9. 350, 17. 11 γηράσας 483, 25 102, l. 163, 9. 107, 12
Ι0031 · 3010131, 151 532, 22. 11 1001. 1111013. 100,
γαυσαπης333, 14. 11555, 35 503, 215527, 25 14. 20. 181, 20. 183, 15.
gaza 51, 12 1101110131, 1* 185, 17. 186, 20. 190,14.
2¹1 112837 ¹ gerno 193, l* 1111, 7. 192, 26¹⁴. 31¹1.
, ythmum& ll 285, 15 gerulus 11503, 88 193, 3*. 198, 7. 202, 19.
3010 gelus 170,4 gerundia 409, 5. 1123 19. 21419. 217, 1. 220, 10.
3000100001. 10010111, 113, 10. 150, 1. 512, 2. 10. 00011. 231, 5. 211,
1.125,23 535, 00. 110001. 233, 10. 215, 0. 252, 15. 255,
30001000, 0. 101, 11. 111, 21. 231, 5. 321, 7. 000, 1. 000, 5. 11. 271, 2. 15.
1. 11115, 00100, 00 10.112, 3 272, 12. 213, 5. 211, 1.
gemitus 258, 17 ΓηρύονεύςῢηρυόνηςἩῌΟ 278,“0. 280, 3. 283, 13.

· gemmatus 442, 5 300110010111503, 30 287, 4. 20. 288, l. 290,

30001233, 11 gestio 11 503, 27 22. 322, 29. 327, 3. 358, 0.
3011010 ll 119, 21. 182, 22. gesto ll 375, 19 371, 5. 373, 10. 378, 11.
100, 10. 10. 135, 5. 001, 351015311, 1 3121. 001, 12. 1o5, 15.

 

