1N11E11 SCRH'TORVM

Terentius in Adelphis
111,7 111701
11112 11813
1 28011
2, 32 1131112
52 118010
3, 21 111111, 2181, 18
32359. 11 3118, 10
3711. 11312,11
10 11135,15
1211. 11 331, 17
11111
1
3311211113
1111 1, 18 1711, 17
19 11109
2,9
32 3111
30 11 75, 22
30 202, 18. 112811
13 11301, 13
10 71113
3, 1211. 50012
1, 20 501, 25. 1111, 15
20 11 181, 19. 31118
01311. 113111, 17 ·
72 111108
01 511,2
13511. 112313. 32011
V 1,1 ,110 1. 11111, 10.
2311
3 11377,Ιο
2,0 1120012
1011. 1120127
11 1203
3, 20 11131111
1111. 11107,’20*.177,25.
2911, 1113208371,
15
1lsqq. 112202
01 sq. 3115, 25
02 1500
1,0 375, 22. 778, 8.
5111, 28. 11 2311, 21.
201122
10 11355, 21
10 257, 21

11 3211235019 .

17

11
8, s

1111011111.
11 131, 1
500, 1

11 sq. 11 211, 19

23
35

0, 1

iu Andria prol. l

2
8

ιι,ι

1 sq.

15
18

11 09, 1*

ll 172, 11. 319,Ιο
112, 1

280, 0

11,. ιι 411, 11

11 357, 18

11 357, 8

11 1105

11 331, 8. 122, 28.
5113, 7

11 20, 21. 311, 17
11 257, 9

517

Terentius in Andria ,
1120 111801 ·
2219. 11257, 12
28 113513
31 2102
331ᾳ. 1111025
31 91, 18
39 17,2
11 11133, 12
12 11101120. 1508
13 1118122
. 1711. 1109,21.70,0
79 39118 ,
91 sqq. 11 211, 17. 22120.
3003
92 1187,1
93 11305
90 111019
97 1125011
100 ’ 11250,Ιο
115 sq. 11 250, 18
11911. 11228, 15 ,
121 sq. 11 128, 9. 191. 1911,
1133010
125 111025 ·
110 15021
111 1120113100
2,] 11030
1 11123, 21
11 123, 27
1112328
1128019
30011
11 103, 27. 123, 32
11281, 9. 320, 8.
371,2
391, 10. 11211, 25
11 327, 22
, ,1181,8 .
‘ 1151, 13
1121111
113107
, . 11255, 19
1110117
· 11270,18.310,19.
3510. 301115
11 288, 1. 353, 111
11 155, 25. 1111, 13
280, 17. 11181, 31
11 11, 29
2218
257, 19
2215
1178, 11
ιι 11
0,Ιο 11311015
21 1180251505
27 59111
1111, 11 501.1
2, Ιεᾳᾳ. 11 125, 19
3⁸1· 111501
0 11 311, 12
17 1131111

35* .

 

