uuux 11011111 01 1001011 011111 ’ 111

diuinitus 1178, 9. 79, 20. 61000146, 13. 209, 7. 955.8 1101111710
15529 .’ 6061006001110110232, 13 111111111,13.180,3.011,ἲ
6100 71.19 ¹ 91000000191000011011110826 18. 247, 16. 394, 2
611100 306, 29 Δ 01010 240, 461. add.) 1100105577,10.584.3. 11
60 finita 1101110111 122 19 6011110172 3. 193, 5*. 11 14,20.15,57.168,11.
60 400 10. 471,1. 408,13. 415, 25 . 171, 9. 176, 25. 181, l8.
516, 5. 518, ,25. 51917. dubitatio 11247. 25 290, l. 449, 21. 1011110110
534, 4. 569, 27. 571, 27. 6011100 11 217, 26 , 1129910
11 163, 26. 268, 14. 2,73 600001148, 21 eatenus 11 58. 8*
2. 525, 9. 526. 33. 527, 6000010100 11 413, 19 ebrius 193, 9* ι
34. 60137129. 60110 61100 399, 8. 421, 23. 446, 0110 amu 1101111011 329, 19
01010 11359, 22 11. 466, 20, 50914. 511, 01111125, l. 937. 8
601 δῶμα 214, 19 23. 6110 325, 9. 373, 4. 001110 00011111 593 25. 5969
110000 434, 3. 461, 3. 11. 6110010111 lassitudinem 11 0000 594, 6. 1121, 13
11276, 21. 1100001391, 21. 323, 12 ἔχ 1011327. 19
11 269, 25, 60000660 H 60011111 1158 5*. 63,9. 7512 03100111 74, 20. 528, 29
46412 60010 432, 19 060 459. 18. 522, 8. 559, 24
6001111110132. 14. 1121917 600101432, 27. 434. 15 1110110 66060 26, 29
6001110 11 219, 16 dudum 1181, 21. 82, 8. 89, 06010 11 277, 8
6001111οι10 441, 9 . 12. 479, 26 efficax 437, 14
doctor 434, 3 61101101011 497, 6 0111000110111 80, 27
60011100120, 19 dulciculus 105,18 01110100 190101 377, 8
doctus 599 91. 1114821. 1111100110 122,12 0191011111 11 58, 3* (11. adu).
216,19.217,1627.390,600111289, 16. 47929. 591* 3*
17. 464, 29 503,1 01111110 131, 25
dodrans 11408, 24. 416, 29 dumetum 123, 25 &neto 01111110 11 293. 12
60115389,17.60110111203110011011οι11 78, 25. 348, 1560000001101 11 392, 21
23 6110310,19.111100294,101100011110 77,5. 112189
60100569, 7. ΙΙ268,.8 281, duplex 349, 11 1000 499, 97. 11 144, 21.
1. 397, 5 duplico 11 416, 11 177, 3. 359, 10. 366, 14
1101μᾶ090111 505, 32 600101011410.2 ἔγγιστα 11 291, 21
dominor 379, 9. 386, 1. 11 dupondius 11497, 28. 416,5 ἐγ110110011ήπτω 11 300, 26
273, 27 6111011 79, 4 4011111160. 0111111111
6010010011219,23.500, 1 611100 397, 12. 443, 23 1011010100 11 292, 22
0001160000 11506, 4 6011000 397, 12 ἐγ 1111111101 112935
Domitius 11 506, 3 ’ 611111011170, 4 {.oalss 8. 579, 9. 112, 28.
6001110 429, 23. 11 274, 16 duritia 118. 1 291, l. egomet 599, 99.
60100 468, 95. 473, 11. 11 6010 397, 12. 443, 23 11101110 592 6. 596, 11. 1110-
506, 2. 526, 27 600 11111106010101010 139. 20. 01101593,25.594,15596.10
δόμος 11 595, 33 01111011011219, 13. 233, 15 ἐγ’ ω ΙΙ 4, 25. 14, 9. 492,
600100 269 10. 309, 7. 11 6000101141617 y97. 100005921310011
505, 31. 60101 1136, 8. 60110101111416, 31 10060111123146001
67,5687.,5065 60116,.,546621.,115216 18711113132710

600001174, 11 6011100 01010000 193 9* 41823. τίοι 1136417 ’

donicum 11 58. 11. 3* 81, 6111101484, 1 ηγοῦμαι 11 317, 7. 346, 7
59, 1174, ll 6110110701 11 472, 22 00,101111011293. 11

6000 461, 13. 11 268, 1401611111011911137 10.40,10.
273, 1 . 0111101’ 453, l. 454, 24. 557, 17

1101010111 148. 16 215, 20. 010 01099010061101111011.011110111101100067,17
376,18.11523,15 67, 7. 0010600111 90110 0100111000110 1194 13. 241,

Δ60111011215. 29 0611011110 11 08, 19. 011- 22. 247, 17. 266, 1. 289,

Δ10010 252, 6 uita 00101110 11 522, 27. 3. 304, 2. 0160 74, 90.

Dares 24, 10. 32, 16. 41, 8. 1 corrupta 110110 nomina 07110 74, 29

74, 19. 253, 20. 276, 4. 145, 11. 293, 3. 312. 7. 01 interiectio 1173, 14. 90, 15
113, l 0 producta 1111110 uomina 0111112382

6011111000 428, 3 145, 11. 204, 8. 0010- 010101131512

dorsum 6010110 179, 4 60010110101010010142,22. 02601000110111 437, 35

Boi-5195, 1628313 145, 2. 204, 8. 349, 2 011110- 446, 9

60011134, 16.253,16. 11 01111000932 εἰμί 455. . 0111112395.
521, 8 939, 21 ¹ μετ ’ἐμοῦ 105135143250}

dotalis 131. 4 01910109, 32 11326, 9. 1011 1110100110

6051015825 0013319. 1129, 97. 35, 401111 365, 29

6100110011 146. 13. 209, 7 2547, 11. 48, 1. 19 εἶπον 49, 12

drachma 11408, 19. 409, 19 0 01111οῑ10001 1148, 19. 22 εἰς 1153, 4. 294, 5

 

