572 {3353 RERVM ΕΤ 166481168144

4444433 44 333. 34 334, amano„ 44 433 44 eut 44 33 34. 334, 44. 53 1
133051644413444444 144 μένω 4151, 4. 369, 0 4444431141, 1
44304. 45. 43444314 443 emo 528 41. 44 527, 29 4444644144μ44411314, 8
27. zatun 4069 4433441135, 12 Ἐπίχραιςμ252ζ 11
’ εἰσέρχομαι ,11 303, 11 4ος 582 5 4344544414) 44 315, 5
3144411369, 49 4444143311511 344434443141, 44
34444188 44 4444413414 μαι 44 309, 0 ἐπιδείκνυμ 414 314, ll
44434444· 443008 εἷς 4444 4344444444 41248 48. 2915. 4444044οὲ444μ 14 314, 18
4341444441824411.’ 3444443444 4444834411 308. 0 14444 t''315‘501311192726. 13
11 306. 3 en 1144443 uomina 135, 26. 15:3535330352 11 344, 22
444χ 444 493, 9 148, 19. 224, 46. 313, 4. epimythion 11 430, 28
, 1414344444 444, 4 44 333 15. 44444334, 43 13441444 334 44 333, 43
laudm 11 363, 23 en 4444344ῠί3444 14 24 13 4444443444 44 313, 43 -
4444444444· 33, 24 lvprpaeomio 1143, 3. 54, episyna33p5311301, 16
1441 44 43, 4. 33. 13 5 33, 34 334, 5. '303 25 immundo 44344, 5
4344419231* 4344441444μαι 11296, 6 43444γῖάνομαι, 386, 9
44 correpta 4444443 141, 9. 4341344344 41344, 7 44443 44443 40 12
, 244,Ι 12. 342. 47. 326, 14 4339403843 41342, 29 epoto 370, 3
34 {nodum 1144443 nomina 4443111443 595, 4. 14 21, 14. osanna 3344143321, 18
141, 41214, 43 342, 19 39, 26. 54, 8. 404, 23. 141, κτα 32, 21. 192, 2711. 455,
1444444 44 303 43 · 43 444, 4. 433, 43 3 44 43, 33
13555055 αι 14 301, 4 ἐνδέξια 41342, 12 3434312148392, 13
4444444443μ344146, 25. 422,.3 434433 41309, 49 epulor 393, 43·
1111211 114, 9 115, 26 430663341399, 19 equester 118, 10, 230, 24.
51912.4143444333333·43304’4444 383, 2 equestris 230, 21
444341414410. p-rne 4333814310, 14. 366, 3 equidem 515, 153. 11 92,8*.
4434441444 41 111, 20. 443- 43443436, 15 102,12.103,5
4311311 444, 9 1232 3433 41 43, 14 equum 114. 4
elephas elephantus 246 46 enim 44102, 42. 103, 23. 44444343414,20.259.18
443411117813 285, 13, 287, 8 34 4444443 4444344434 121, 8.
Eleusin 11131513 219, 8 434444 14 340, 13 3334444150. 42. 223,17.
elicio 400, 24. 497, 25 ennachos 42, 22* 313, 19. 11 444, 7. 523,
4443414305, 25 43334443 41 303. 8 25. graeca 2248
31:333 ¹⁹ - {3213133330 ¹⁰ 1333144144. 444 44
4444 4444434 denominativa 131, ens κ41441444 4344444319,16 488, 1
12 4443134443 ensiculus 116, 1 ἔρχομαι 574, 16. 4134143·
14134344 1151, 4 343138341341344334433133, 9 40444 416, 6
444, m μό, 11 33, 43 1444434 4434444 443, '13- erga 3 31, 34
4113444 ellum 593, 25. 595, 9 4343363411 350, 12 ergo 372, 46. 44 41, 8. 400,
ellipsis 300, 9. 44 128, 8. 1441444444433, 8 15. 2788 331, 6. 369, 5.
228, 8. 230, 8. 239, 10. 1344444443, 16 520, 29
253, 13. 365, 8. 3482. 4344343444311 14 ἔργον 563, 5. 14 148, 22.
325, 7. 328, 13. 310, 14 444444341469, 29 ρ464, 26
444444431344344314443 4132, 23 eo 22, 9. 39819 435, 15. 1444444215, 14
4434333631, 4 437, 7. 459, 26, 461, 2. 34444314 286, 13
41444444 14 396, 19 47819481, 2. 530.1.4 crisin 12, 22*
emax 140, 8 538, 25. 53915. 333⁸, 11. 444143 14 311,17. 4444444
4μ αυτοῦ 583,14. 592, 14. 554, 25. 557, 22. 504, 15. 404, 29
μ11,.1421118,23 569,22.11283,.3702,.7ᾗ4443 2555
1434434 44 444 343 3443, 34. 3333 4444334, 43
emb1ematum 204 2. 357, 12 435 584. 3 errabundus 137, 17
4446143311369, 9 144411 362, 7 emtus 561, 17
’114 “²⁰⁶ ⁵⁷⁵ ²* ¹¹ ¹⁷⁸' 13114313, 11144 334414 34411444, 3
4344634379, 10. 386, 5. 7 4444131495,18 3444144311 274, 16
ἡμέρα 41317, 23. 327, 7. 4434411356, 21 erubesco 14 312 18
1436183684 epectasis 182, 15. 434444344- eruo 504, 25. 505, 49. 559,
emit! 412, 24 σις 599, 27 42. 514, 25
eminus 1178, 24 ’4443 4414, 28 erus 11 219, 24
ἦ 443 32 21. 492, 37*. 455, 4444414634 388, 1 3443341764
⁹5 41 16. 20. ἥμισυ tol· ἐπεξιέναι 41 315, 3 es 644433 nomina 41524, 14.
44314408, 5 444 εωμαι 381, 0 444 compta 6444444 nonina

 

