390 111081 nuum ΕΤ vootnvmitvnt

praefectus 11 100, p. 217, 23. Πρίαμος 66. 14. 11 3, 3. prohibeo 11171, 15511115

317, 10 476, 13. 308, 4 προίημι 11 333, 6
11111111 11211, 11 1111191119ἐό 161 44 22'11 m 11131151 11311818
mmmm H 5⁰¹ ¹⁰ 1111d11prinor’ps 11 168, 26 6361666161 11 336, 3
11111151 888, 18· 11 185, 111111111111,·15 1111111111 11115, 5. 155, 21

2⁵22⁰b 2⁶ 1511111111, 115, 21. 115, 1111111111155. 11. 51, 1
9119111120 112631 ‘21 · 1. 1149812 προμηθοῦμαι li 358,ss
proenom21157,13. 11 111, 13 prime 111ν 111, 11 1111, 111 mm 113511, 1
praepes 551515, 12 11111111 11 155, 11 1111111111 51, 5. 55, 11.·115,
11111111111155, 18 358, 1 ,1111111511 1111111111 515, 15 11. 225, 21. 155, 1. 515,
1111ς15511151,11111’38,18 ,111111 51, 15 1155, 15. 1.’ 15. 551, 11. 552, 1.

51,1.115,13.551,15. 5111 555, 1. 511, 1. 1120. 51.

11 11, 1· 85, 18· 81, 5· pnmogcnrusn 158, 15 515. 1111. 5115. 115

951 ²6· 11⁸2, 5· 1¹42 13· 11111151611111111468, 17 19. 117, 7. 118, 2. 21.

11618- 181, 18· 11115 11111111, 11 115, 11. 11515. 115, 15. 111, 1.

181, 251111, 5- 185, 13· primoribus 11 155, 15 115, 5. 115, 5. 155, 11.

117, 18· 183, 11. 81510· primulum 11 55, 1 151, 1. 155, 11. 151, 5. 15.

«118, 1811881111 118, 23· 11111111 1111515551, 1 151, 11115, 15 21211.

1111115111,118 1111111115 11 1111111155, 11. 1115155. 11111. 151, o. 11511.

51818· 11 compositore 1111112714 115, 1. 151, o. 555, 15

1127129χῖ91 36111 ¹⁶· princeps 140, 23 (u. 51111), 328, to. redditiones pro-

58, 65· menochio 11 151, 15 111111111111155,1. ,111-

5111121· 111011051161111111 principatus 115153 · nomen absolutum 11 14,

601 1²· 39, ll· 1⁸⁰⁸ abla* princi itt 166, 3 7. 16

1111 wrm? ¹¹ 11121· orior ,11. 111155 prro· 1111111111 11 11515

intuitum:..11121112 monui 1,

20.32,10. 6111)1111116811 priscuslttbb, 12 176 16· ’

’181,23 , 1111111155, 11. 11158, 11 ,11111111111111515155
15151881111531-31518 priuatim 11 55115, 5 1. 155, 15
1155551151155553151397, 3 priuato 1155, 26 ιιι-1151151134, 13. 381, 22.
in promenti 11 308,9 monocentaurum. 91, 392, 16
praesertim 11 73, 11 17 commune 379, 28
praesidiarium pro praepositio 11 29, 21. com ositont 440, 11. 589,
111111111115. 117111.ν 51, 20. 151. 15, 5. 51, 16. 55511. 11 15, 11.

268, 17. 2732. 332, 6. 12. 343, 1. 373, 4. pro ms, 11.Ι 171, 6. 22. 115,

308, 7. 371, 17· uiribus 11321, 19 22. 176, 14. 181, 21
praestolor 378, 23. 112719 upo' 1126,10. 40,17,19,13 coniugatum 11 198, 11
praesumptio 11 125, 15 proouus 1149, 11 (151155511561111111377, 18378,
practer 11 42, 28. 30, 20. Probinus 79, 3 18, 11 5, 8. 127, l. 111,

188, 14 343, 11. 334, 20 probiter ΙΙ 71, 2 8. 23. 142, 29. 132, 26.
prseteritos 330, 24 procidentia 11 184, 1 16813611. obsointum
praetextatus 441, 23. 362, 16 115515511511434, 17 11141, 9, discretionum 11
p'roctor 432, 28 procui 11 49, ll 111, 9 ,
pmeuslidus 11 30, 10 προδιαμαρτύρομαι 382, 2 1151155111111111373, 1115715.
pmeuurico proeuoricor 396, 18 prodigus 11 210, 19 380, 16. 388, l. 11419,
pmeuerro 396, 14. 402, 17 prodo 434, 27 9. 501. 4. personae pri-

’ 111551151151402, 17 produco 130, 1 1115511216207, 17. se-

prscostus 38, 8 productio 11 319, 12 eundae 11 206, 2
πρᾶγμα ποιεῖσθαι 11337, 18 5111511011 331, 22 introponeret& 380, 13. 11
prandeo 373, 13, 378, 5. 483, proelio 111551151396, 16 179, 26. 206, 19
18. 312, 15. 363, 27. 373, 1115151511149,12 finitum 11 179, 4
21. 11134, 12. 260, 21 115155151172, 24 1615118611 11 176, 16
πράως 11333, 10 professor 434, 3 impositiuuut 380, 13
πράττω 431, 13 proficio 401, 13 inclinetinum 11 14, 9
precario 1158, 26 1150515551312, 24. 313, 14. mobile 585,1
preco 396, 18 11 271, 8 monoptoton 11 2. 6
precor 389, 7. 396, 18 11 profiteor 4313 sui passum ΙΙ 176, 17 ,
276,]7, 317,1. 322,10..1115111111111303,19.376,17 extrinsecus passionem 15-
334, 3 · proiosnsli 217, 13 ciens li 176, 19
πρέπει 193, 3* progredio progredior 396, 18 nse paticus 11 176. 17
prox 371, 19. 364, 2. 11 143,8 prognuriter 11 39, 6* personortort trium 377, 9. 13.
Priamides 06, 14 progymnasmata 11 403, 12 378, 7. 380, 20, 383, 3.

 

