536 INDEX 8661210616

Horatius
carm. 111, 6 11247,14
12, 37 33 11 216, 19
15, 533. 344, 4
1863112219
16, 16333 .11 137, 25
1713311112966
24,933. 302,Ιο
33.233.11136,3
333. 11268, 21
37, 22 33 11 2116, 5
11 2, 17 sqq. 11266. 25
10333. 11 227, 25
5,833, 1150,12
· 6,5 74,5
7, 17 321,10
13,533.11256,16
3933. 218,3
15, 1433. 216, 9. 387 7
17, 27333 .11 267, 1
16, 2 1140010
19, 5 1173,17
7 117315
1114, 66 11182,12
4, 0933. 266, 7
0,10 516, 5
6. 41333.. 357, 16
6,9333.11188,19
9. 93. 11300, 15
- 1413233 1116013
161333. 221, 7. 517, 17
· ¹⁷ 6., 6616
25,133. 25919
27, 0933. 374, 16 (u. adq).
1129914
1111210333. 11427,16
3, 8 518, 3
41133 321, 12
13161 15317
20 11 110, 17
14,1333.11307,2
34333 ,73,5
'cam 3 3331. 49 1357, 14
33331213 356,10
49333. 473, 12. 570, 23
5,133.11106,11
1133. 249, 23
33 33 321, 15
57 sqq. 11 126, 19*
11,2 11 459, 21
13,2 16, 8. 304, 6. 11
112, 22
733. 47,15
15, 433. 11311,11
serm. 11, 7833 1121810
119 144, 8
2, 3133. 1120619
44 4056
71 479,19
81 236,9
80 160,14
120 1133014
31333. 241, 26

Horatius
333331 4, 43 33. 473, 1212 571, 3

16733.11104,28
5, 35 52,15
40333.11128,19*
6, 36 11211,15
49 33. 1176. 26. 87,6
56 1163,14.75,9
8,1 11 61, 24
5 127,16
3733. 4958
39 155,3
46 515,4
6, 47333. 476, 8 506,17
60333. 515, 2 ·
10, 21333 ,11 101, 24
111, 1633. ᾳ.285 24
43 33 118612
44333. 508, 22 1331111..)
11110,12
2, 2333 485, 26
1199 1121813*

’ 331 33. 340512

3, 5033 1175, 16
97 11 101, 21
11733. 11 311, 3. 416,0
163 221,15
1187 290, 3
31033. 207, 19
116316

6, 36

11, 233.

13, 6333. 11229, 7
10333.11229,11

14, 41 11 271, 23

15. 22 315, 23

16, 72 163, 17, 261, 2
7333 301, 8

17, 3033. 346, 5

18, 96 11 229, 15

19,5 488, 22

 

