564 INDEX RERVM ET vocaavmavu ¹

66666166 379,7 ’373,11.14.33. 407,7.1166661611333,11
assecula 13Ι,6 408, 3. 416, 14. 114146 4646166161168, 30
assentio assentior 399, 13. 4664166611611366, 18. At· aus 6166 393, 11
= 435, 10. 439, 3. 444641166166666 mos antiquus 11 auspicor 379, 31. 393, 11
113733 496, 8.·411161641 quibas auster austrinus 79, 3
assertio 11395.9 11664661 tuantur 11 339, 18 austrum 39, 16
assideo 435. 13. 1133630 attineo 361, 13. 1333, 4. 46111963 97,19. 11434.
assiduus 118, 18 attinet 11 398, · 386, 8 ·
assuesce 394, 33. 366, 1 6166χῶ 1139719 autem 11 103, 13. 104, 33,
assuetus 3116, l 46 di 6611164666 38, 31 387. 3
4446141141 1158, 7*·- 46 interiectio 1173, 14 aveatie‘tiastoc 599, 6
assumptio 390, 37 · 6646116611 70, 30 6666466666 τις 596, 6
4616 474, 19309, 37ο auarus 113188 6666460616 3781142719.
astu 1173, 4 ’· auceps 16, 18. 36, ’13. 39,7. 384, 3. aa’noaaomper-
4414164563, 18 aaeipes 380, 16 souaeii 15, 36
303119105 ἰι ιιι, 65 anaor 14461 4146644414
ἀσυμφ φωνία 371, ,ἕ aucupa aucupor 393, 33 6666611 133, 1. 300,7, ιιιι-
411199, 31. 386, 478,13 audaciter audacter 1176, ts τοῦ 589. 3. tiatito'c 34,
Atax 1971 110,11 “. 17. ’,381 19. 1111, 33.
Athenae 376, 16 11531, 34 461144 118, 33. 140, 8. 840, 130, 3. 134, 31
Ἀθήνηθεν 1135, 18 4. 361, 3 1141166139, 17

, Atheniensis 133, 15 46666 373, 3. 436, 19. 483, 46466656 418. 6

Athos 335, 9 9. 306, 33. 373, 33 6614116 393 10 ·
Atlantiades 64, 3. 67, 4 audio 16, 3. 303, 18. 373, 19. 46411166 3794 393, 10. 567,
atq ue 1194.16.115,15. 113773.379,5.395,17. 17

333, 6. 300, 6 330, 7. 338, 30. 371, 3 6466666661643 333.
atqui 11 100, 16 44443414.130,1 13 11Ι 535, 36. 666664 ’
4664115363 466 45016 164, 6. 66654116 140, 7
4446146359 4661161147, 30 · αξιος 11399, l .
attat 11 90, 36 auena 11490, 16 ἀξιώματα 11311, 30
Αιιίιοιιιιιι mas dicendi 34, 466616 11377,7 ’ 6666661383, 6

11. 40,.3 71, 10. 353, 13. 461666 18. 14. 39, 4. 46, ,,16

593, 13. 11171, 10. 33. 439, ’31. 461, 33. 114 5111166618,9.19,9.30,16.

173, 8. 308, 3. 339, 34. 34. 380, 13 34, 8. 49,9(es. digamma)

343, 1. 353, 14. 364, 18. 4616616311, 3. 46, 16 546646 334 33

366, 3. 378, 8. 380, 13. 4666645339. 461,31. 47713 baccatus 592, 13

’381,7. 31. 383, 15. 393, aug 66 aug eratus 37, 17 5466566 434, 1

13. 397, 18. 399, ,33 301, 66641641661666566614664666· Β6666666143,9

13. 33 303, 13. 1, 11. rum 66ιιι asatorum 439 14 6616616613319* 33417.
-2307101830811309111112152717127 313,25

619310, 14. 314, 5. 8. ’33. 336, 36 ' 54146661 443, 4

30. 316, 10. 317, 7. 17. ιιι gut-ato 11 68, 30 barbara ιιιιιιὶιιιι 148. 7. 149.

319, 918. 330, 4. 14, 19 46,,661664 39, 7 Ι 14. 18431. 303, 3. 8. 214,

1131, 7.11. 13. 334,13. 4666639311 , 13. 333, 1. 379, 5. 313,

19. 335, 13. 336, 9. 337, 4666663793. 3804. 39311 19. 313,13 11444,3..

7. 33. 338, 13. 339, 30. 4666616636.11.37,7.140,4 1130333338

330,6.13,16.331,11.18. 46166611316, 13. ’3188 barbari 8, 1

3331431. 3331533411. auis 16. 18. 344, 3 barbarismus 11 111, 17

335, 3. 336, 5. 18. 337, 3. auitas 139, 14 ’ barbatus 443, 4

1911381031. 23. 339, 8. 4616 185. 6 ,6661166661 li 384, 3

340, 15.343,14.343,19. ἒν ταις 6111666161 ·,11310 3 64614664614

35. 3,44 3. 9. 343. 9. 14. 4664115011, ’30 βασιλεύω 447, 13

346. 3. 7. 31. 347, 8. 16. aureolus 113. 13 Bastott 587 31

3481430. 349, 1359, aurifex 11 533, 33 6664616611384, 13

3. 16. 30. 351, 13. 22. 353, auriga 11509, 34 ςδιδιιρὸς 5116111664 43, 9 ‚

22. 353. 6. 13. 334, 3. 9. auritus 441, 33 6166418 11 · .

1517. 353,.9 359, 3. 13 4666 433, 6 Belides 67, 11

357, 3. 4. 16. 358. 8. 15. Aurora 11 509, 35 5611461611497, 1

18. 359,1. 33.300,17.4666141160933 56116533, 976. add..) 1151,

361, 3. 3637 363. 4. 13. aus 114114 1641141114 169, 3. 21. 80, 1. 88, 33

116417. 365,11.14.30.375. 19. 319, 5 561116664114973

368, 8 369, 6. 14. 370,.3 ausculta 11381, 7. 330,·7. belliger 114977

015. 371, 3. 7. 13. 372, 3. 370, 18 1161114414161188,33

’373, 4. 30. 374, 1. 11. aust-ulum 39, 19 86066411497,6

 

