500 1111103 11011111 ET vnniuvnonvn ,

11111111110022, 151, 2. 111111130017 ” 11111111111111111111111111100.Ιο
23014 10δῶ 440, 18 111111111111101120. 11111111-

1111 usumin-152, 13. 220, 1111111111 252, 5. 13 11111111 5110, 20, 111111111-
20351113 odorio 1111111111· 3711, 0. 331, 11111415. 17

1111111100. ’.13 0. 4001 1111111111111 011, 1. opnn'niii ¹

’ Ἀχαιός 74, 10 11115115 4002 42011. 11 00, 22
Ἆχατης245, 12 , 11151230, 211. 372, 20 ρ111111111111420,10. 11201
1111111210 1111511274, 10 ρ111111111111103,7. 03, 11.
1μ-11111111351. 11 1111111111111911111111111 474. 31
4307 ’1111111101 ·“1 0, 23. 1111111111, 25 1151161111 11 47-1, 31
iii-niueos 30, 12 277, 14 1111111111) 11 2111, 11 · qualitatis 1186. 22
'Almam 41, 13. 71, 0. nonestis 1111111111 00,* 1 11111111111110.1;1
73,17 ,411111 77, 12111. 111111) 1111111111 1100,20. 137, 211
,4111111111 74, 10 1111111111 383. 3. 8 11111111111100, 20
1115111132, Ιο.5,3 4 1111111111111 135. 22 1111111111111111130. 14
ἄχθομαι 11 231.1 11111111331. 121.0 11111111111111111107,10. 011.
111111110,14.300,11.11111111111111354 22
324, 10 1111111112ῦο 3 1111111111111100, 22
1111111122,13 11111111111150, 3. 03, 1.00, 11111111111111004 1111)·-1
acrimonia 1211, 3 7. 540, 10. 551. 14. 552, latinorum 00, 3
1111111111 000 0. 534, 12. 503, 12. 303, temporalia 1136. 3. 00 211,
Actor 230, 17 24. 1130, 20. 34, 7. 30. 03. 13. 137,10. 130,12.
111111111170,5.311. 13 24. 402. 43, 7. 45, 22. 130, 13
,11111111110010 114,2“2. 115, 00, 1. 05, 20. 114,13. 115111111111112, 10. 00. 22.
12. 250, 17 110, 15. 110, 20. 121, 3. 130, 14
1111111111 120,0 18. 123, 13. 124, 3. 131, 1111111111 11 514,5
anns 102, 10. 25011. 202, 10.132,1.133,3.135.11. 11111111111111111111 11 30. 0.
1320311310, 13 1011, 27. 101,1. 104,12. 11111111111111120. 211, nii·
11111111 120, 8 132, 25. 103, 10. 1110, 23, uersus 11 78, 13.. 314. 10
1111111502, 23 1117, 24. 227, 20. 228, 2. 1111111111 11 357, 11. 514, 4.
,111 33, 3. 11 37, 7. 304, 14. 230, 3. 330, 5. 300, 15. 1111111111 25, 15
358, 10 474, 25. 470, 17. 40021. 11111111 370, 11. 300, 2. 11
11111151 5200 50014. 520, 23. annn— 274, 17
11111111ος 11111111131117111 200, 11111111;1111111,11111111111 11 04, adnitor 11 42, l
11 23. 1111111111 1111111111 11 aduocati 35.5
11115 uerbum 557, 10. 11 200, 05, 10 1111151111 35. 3
3.333,17.111111111111111 11111511101183, 14. 11001 1111311111911137,13.1112,
404, 13’ compomtiuornm 1111111111 11 111*
anes 011111 patronymica 65, 78, 20 .41111111102,17
10001 compos151118523 no‹·1inus67,5
1111111135,3.11 354,14 15101111011111 85, 0. 230, 1111111111 11505. 32
1111111111 35, 5. 113 ’ 15 aedilicius 135. 25 ·
11111111111303,2 congngotiunllffl, 11 11111111 150, 22. 432, 20 . ’
11111111·11113711,5. 3002 ‹leiomposita 11 00, 23 1111111352, 27
1111111105, 15. 100,11.321,11111111111111111 111111111111111 11 11111111113111111430, 23
111. 11520, 15 04,10 1101111370, 13. 430. 23
1111110111 po itiones 11 140, demonstrniina 11 21, 12. Aegyptii 200
10 00, 20 Aemilianus 03, 100, 11
311111111111111111111111115,11.113,7. 1111111111 li 402, 2
1111111111 112110, 10 05, 17. 70, 24. 88‚5 4111111111 114 11.οὂ ,20. 07
111111111011,13 (111111111111100, 21 17 (11. 11111) 2112, 18
1015111000 1011110111107, 14 ’ 14111111 175, 8
adipiscor 514, 10 11111111111111100,27 111111100131111111111) 001
aditus 11403, 27 ,1111111111001101121111111111140410
adiunctio 11 103, 23 115111111111133, 14 Aonides 00, 1. 07, 0. 10 (11.
11111111 adiutor 301, 1 infinito 1100, 20 111111) 11402, 0
101111111151310 4. 300, 3. 1111111111 ll 07, 27 1411111115,2.3.14.10,111.
568, 3 interrog 111111 11 00, 20. 00, 17, 0. 18. 5. 111, 10. 20,
101111111111111511111551, 10 20.137,10.130,13 10. 27, 25. 20, 14. 20, l.
1111111111· 371, 6. 3111111 1111101111105 22 35, 15. 30. 3. 30, 21. 40,
1111111115 404, 2. 1111111011 11111111120,25.20,24.11.05,10. 253, 17. 211.
127,1. 11 112, 10 302. 3020. 03, 005, 11 16, 10. 27,0.17.407,
11111111111311,013.137,10.1311, 12. 10
1111111111 470, 0 13012. 111111111111144,11 Aepy 105, 17. 203, 13

 

