mnan RERVM 117 000101100111 587

palpo 121, 18. 307, 1 4. 500,10. 540, 0. 543, 4. passio 11 160, 30. 10010.
1151151307, 1 550, 11. 573, 7 177, 12. 223, 11. 232,10.
paludatus 441, 25. 562, 15 parricida 20, 7. 177, 20. 11 276, 4. passio 1551111555
palumbes 100, 10 522, 3 303, 5
palus2117,12. 11525, 20 pars 300, 0. 11357,16. 503, passus 11 504, 0
paluster 127 15 12 pastor 5304
pampinus 160, 15 Ἰ 115115551511551554,5. 552,1. pateo 483, 23. 40011. 512,
Pan 2104 114, l9. 103, 8. partium 16. 510, 23. 565, 20. 573,
1155115510, 22. 11504,11 5151111515 ordinationum 22. ll 504, 20
pondus 137,1 parsimonia 1202 , ’ pater 11210, 23
pango 400, 5. 407, 23. 523, Parthica 5515155240, 12Ι paterfamilias 170, 12

17. 1151020 11511151115503, 23 patibulum 124, 13
1111515353, 0Ι 1111151115115117, 17. 13015. 1151155511217,1 -
panniculus 112,2 > 130, 10. 140, 22 (11. ada). patior 388, 4. 438, 22. 510,
Pansa ll 504, 20 400, 5. 425, 20. 540, 2. 23. 505, 20. 11260, 27ί
παῖιὸταχῇ πανταχοῖ 11342, 1221517225233171235Λ. 21121, 11. ἓ2011, [115021161017.

. p ⁰ 9 · · 1 · 1

· 5555155151, 2o par-trapam 51, a. 55, to. ,11510111111012222 112, ro
παντελῶς 1179, 22 04, 21. 400, 5. 417, 12. 115515155135, 24 ’ ·

- 55151, 155, o. n 505, 55 115,15.155,1.111,1.11. patrisso 24, a. 15111155,

panthera 141, 18.' 150, 0. 452, 0. 540, 1. 5749. ll 16. 447, 3. 503, 11

217, l. 11505, 35 , 02, 27. 116, 17. 110, 22. navatam 24,0
panus panucula 115, 15 120, 16. 124, 0. 120, 3. patro 25, 22. 433, 10
Πάνθους navarro, 272, 15 151, 1. 155, 11. tot, 13. patronus 25, 21. 11111115
Panthus 272, 11. 273, 1. 182, 22. 211,6. 212, 2. 17. 1151155115131, 13

205, 15 215, 11. 222, 20. 225, 10. patruus 130, o. 4100
πάνυ ll 00, 13. 470, 22 227, 21. 230, 22. 232, 7. 1151511151307 ,
1151551100, 8. 52035 235, 6.,288, 10. 304, 10. paulatim ll 75, 0. 06, 25
papauer 170, 13. 11 523, 20 317, 15. 353, 8. 20. 374, paulisper 1150, l*
Papia 11 5208 14. 450, 23. 471, 25. 473, Paulus 5051551111.) .
papyrus 11 525, 10 3. 480, 27. 503, 34. 512, paulas paululus 100, 24
par 150, 7. 222, 24. 223, 7. 20. 525, 4. 52014. nom· pauo 17, 17

5151. 155, 15. 1121a2o posnam 155, ι. 115, 11. παύω 11 515, 5
1111ρᾶ1120,23.31,27.30, 560, 25. decomposita 560, pauper 152, 8. 343, 24. ll
· 0. 4014. 44,Ιο 343,10. 10. napaeas-teror 500, 210, 10 ·
atat> , 15.51511)1511508,17.1155- 1155151155128, 14
’ 11313811'111131} ¹⁴ 11135¹¹1²1⁰5¹5 liiii 131111111.l.1111*15 24
παρα ρῆμα11360, 14 50011. 1110020450, 1155111155120, 13 >
παρα6ίδωμι 1139, 7 18. praeteriti 411, 17. 403, pax 1120, 20. 50, 9*. 70,1.
παραγίγνομαι 574, 10 25. 550, 0. 557, 2. 550, 7. 52110
παραγωγή 500, 27. 502, 14 565, 11. 500, 0. 11 100, 20. πή πῆ 11 347, 0
παραιτοῦμαι συγγνώμην 11 230, 10. 463, 20. 11111111 ιΠερσεύς Perses 276, 14

34113 5511111550, 0. 557,25. 500, pecten 120, 13. 1404 ”
1311013311011130114 11513210731103 00 aaronita 1⁴⁸1 ³⁶
55155515 aaa, 11 21. 555, 2. 551, o. n pat—u 1155 ’
aapaalpporpuuno'v 113305 2104 pocus 171, 4. 270, 0
παραπλησιοςΊΙ 35, 10 particula infinita 11 127, 3 πήδησις 250, 7. 11444, 32
parasitaster 114, 16. 127, 14 1151ῑί151175, 4 pedetom tim 1103, 10
παρασκευάζομαι 11 343, 1011111115 nomen 250, 2· petto 4 , 3. 515, 2. 520, 1
παρασυμβαματα 11 211, 24 partio uerbum 300, 11 pedunculus 108, 12
παραα1311055511177,12 partior 306, 11. 300, 22. 11515100, 3. polius 14,6
parco 22, 0. 25, 0, 34, 10. 430, 24 πειρῶ ll 345, 14 ’

438, 3. 500, 15. 511, 23. parturio 420, 13. 405, 12. πέλαγος 271, 16. 1147021

573, 0. 11273, 21 , 501,3 pelagas 103, 0. 271,16. ll
1151555136, 17 1151155250, 2. 304, 24 445, 21470, 21. 403, 10
παρέχω 11 177, 20 115111511Ιο0, 28. 76, 11 2511111566, 15
pareo 400, 21. 11274, 2 πᾶς 11472, 21 nautae Πηὶείδης 06, 15
parens 160, 1. 354, 27. pa· pasco 438, 26. 511, 5. 570, Paleis 003

1511051003 8. 155151020027. 282, πέλεκυς 160 5*
pana 11 511, 22 » annonara 11115555, '15
parilis 132, 2 passer passerinus 00, 25 Pelignus 82, 015. odd.)
pario 401, 2. 430, 23. 400, passio 111700. 4302. 551 1511505505, 20 ’

 

