582 1110131 11119131 ET vuctuvmitt'it

meo 11469, 28 ministro 11 274,Ι 2 summittat 12. 111111-
Mephitis 328, 5 11111111111111111396, 12 , 1111111431,’11.1111111
1111116111167, 11 Mino Μίνως 255 ’1. 8 1143111
111111110710.’2,.438 325,16 mino minor 396, ’11 11111111116111111369,4.408,
111111136815 1111111893 316, 11ΙΙ 11307, 21. 409, 7. 413, 21. 421,
Mercurialis 139 ut 19. 1111111193,20.11327, 19. 422, 7. 425,9(11.
Mercurius 391, 263027 22. 331, 4 odd..) 23. 450, ’1. 552,
999319’23. 111111. 11 1111313322 14.”1’1’1·1’4’,’6’5’.”’1’46”6’1’.
154, 12. 275, 4. 364, 16. 1111ο1“11 163, 21. 319, 9. 232, 6. 29. 235, 4. ’248
1111111395, 26. 11 275, 4. 3263 17. 342, 2, 374, 14. 453,
361,10. merens 351,15 111111111274,3 37. 454, 4. 511111111111
1111·111111111525,35 · 111111111110, 13 199,23.11111111111111-
meridies 24, 6. 35, 2. 137, misereo 392, 19. 425. 18. 1111111 1,20.1111111ἱ
· 8. 159,5. 99,·25. 11475, 428, 12432, 10. 11486, 7, 475, 9. 11470, 33. pas· ’
21. 111111111171, 17 1111111111·148,14.15831. 11111413, 23. 11470,15.
11111610111116111311112 236, 7,. 231, 8. 232, 23. 436, 16. 463, 23. futuri
11111111168.211. 7225 32913 11 4763311111111111-
μέρος 11357. 16 ’ 111111111389,14.392,16.1111111 11 479, 15. 483, 23
1111114366 425, 18. 11’150, 18 ’,163 optatiuus 467, 16. 421, 19.
’μεσιτις 328 5 ‚ 29. ’1,64 3. 24. 178, 13’ 424, 8. 449, 23 1119831
ἐσος 11 481,9 275, 2. 487, 34 228, 29. 238, 12. 23912.
61111111111177, 13 111111111428, 13 242 1. 243, 8. 251, 5. 255,
·met 599, 26. 591, 24. 393, misericorditer 11 86, 24 17. 295, 7.18. 266, 4.11.
18. 1114, 12. 14462. 528, 22 1115111111 11 71, 5 11.2811,10.11.453,11.
μ’11411120, 27 38, 15 missititmissibiiis1149), 11 511111111253141114111-
1111111521 16 ’ Mithridates 249 11. 114443 11140823.112516.1111-
1111111111111116290, 20. 590,22μ1ήμη11 321. 18 perfecti 407, 24. praeto-
1111111111111 176, 5 μοχλός 463, 9 1111 467, 12 perfecti 498.
μεταξυ 11 42’, 24 43, 6. moderni 11528, 18 12.1“11’11111206,8.452,
36217 1113111396,13 3. 453. 24
Μ1111111115,4. 11521,Ῑο moderor 193, 42, 396, 13. 11511111111111 468, 18. 421,
1611111932* 1127315 19. 422, .1.9 424,12. 11
meticulosus 138, 27 111οά111366, 21. 11481, 8 95, 18. ’,166 9. ’,112 6.
11111390, 13. 419, 9. 537,.6 modo 11 69, 8. 72, 25. 81, 227, 18. 228,’ 20. 237’ 22.
23.571,17.11’490 1 3.283,17’. 1111151111328 238, 12. 231125. 2413.

11111131911.396,13 12 28917. μ111111111112011’

μέτωπον 11477, 37 113111111311111396, 12 9, 452, 4. 453 25111-
Μητροπολίτης79, 13 modi 1111111421, 16. 11 162, μ1111111’11257 20. 1111111
metra generalia 11 459. 9. 1 227, 21. 235, 4. 241, 14. 416, 25. 417, ’.11 28
11511111171111111114181 370,4.11111111111111111111 μοιχός 1142, 1
1111111372,3.373,16.391, 228,21.11111111 111111111-μοίρηθενμ6ιριὸίως 1179,
6. 421, 5. 492, 6. 565, 21. uus-121, 16
566, 9. 11272, 17. 276, 6 (1111151116111449, 23 11116111133,6.161, 18
1111101313 16. 391, 0 31511111111422, 18 11241,4 moles 349, ’13
111111136312 impumtiuus409 1561111111) 1111111111111392, 12
111111111’, 15. ll, 5. 174, 421, 18. 423, 26. 419,.7 11111111112612
’.16 198,’ 25. 267, 31 11114,12.’2·28,6.’21.11111115268
Mezentius 24, 6 (1111113) 236, 23. 25517 452, 32. μώλωψ 167,6
36, 22 - 485, 2. passini li ’455μ1μολ11μμενος ΙΙ 12, 6
Μ1111111131219 17. praesentis 11 260’1111114614.477,13. 11
1111111468, 26. 472, 26. 11 praeteriti 499, 25. apud 276, 15. moneor 391, 25
526, 29 graecos 499, 20. futuri Moneta 198, 13
1111111111 429, 13. 495, 12’ 406, 15. 111111111111111111111111121,7.1152“2,26
’141661ὀ356μ16α”31’6”16”1’1 11616114160606, 12. 421, 6661666563636 11456, 31.
219, 24 , 26.554,14.1197,15’ 46323

1111111111167 5. 85, 12 ‘ 156,15’. 157, 11. 211, μονονουχί 11328, 10
μιμνη111111298,13.327,25 3. 228, 29. 235, 15. 238, monoptota 184, 6. 187, 16.
mina 1111111468261469,12.239,15.242,1.243, 112,6
29. 416,6.-611111111;106 2. 214,17. 24512. 251, monosyllaba 273, 10. 2653
20. 11111111 11410, 3 2. 255,11.205,11. 11111·1111111111111111125,15
mingo472, 21. 488, 1’, 4055 111111111111143111. 111- mordeo 23, 7. 460, 2
’ 1111111195, 1199, 11 1111111111 11431,’12.1111-11511111111158,61.78,9

 

