556 INDEX SCRIPTORVII

verqlins Aona-idos Vergssins Aeneidos
11110815. 1138, 23. 51, 27.310,0 1111573115. 113111,12
110 11357, 12 005 217. 1
12035. 213, 13. 3111, 13 1118 sq. 111511, 17
111 11270, 28 637 11 107, 20
11111 11351, 11 1111 11237, 12
105355. 112211, 23 053 sq. 1121111, 3. 313, 23
51515. 5111, 3 11110155. 302,2
517 220,0 . 065 312,11
510 31111, 15 0611 sqq. 11318, 5
555 11 103,6 1182 333, 21
57735. 177.0 710 131, 3*
5811 571, 0 711 202, 5
1125 sqq. 11 112,1 ’ 715 328, 3
1153 sq. 3111, 12 717 202,7
08115. 230, 21. 285, 18 731 157,15. 3111,111.312,7
1185 152, 20. 2211, 21 712 101, 21
723 113711 756 sq. 38112
733 11270, 25 ’ 807 102, 20
7511157511 Il 238, 6 VIII 1 II 11111, 2
771 11 Ι37,2 ’ 11 348, 20
’ 711055. 11151127. 152,27 355, 25
702 II 112. 21 305, 17. 11202, 2. 208,
7111 5111, 20 5. 187, 17. 511, 112
80315. 111132 11811, 1. 80, 8. 21110
812 311, 13 “ II 118, 20
ἢ 82515. 337,,2 II 2811‚3
8311 5111, 18 . 1116, 11. 2112, 11
1113 62, 22 5. 131,11
811 11108, 21 221, 111
861155111236 1111328
8111 585, 30 11362, 5
87135. 11 113, 22 ⁶ ’ 513, 21
882 222, 11 350, 16
VII 1 11103, 10. 1110, 20 “ 17, 11. 357, 7
81 328, 7 (madal.) ‘⁸ 161, 18
111115. 11 333. 20 ‘ ἕ 3511, 18
loom. 2315, 22 · . . 1148,16
110 578, 311. II 113, 11. 51111, ·”. 11 80, 18. 286, 11
102 11 320, 23 . · 327, 23
1011 1107, 10 ι . 110,1
201 11 81, 20 “ - 216,5
225155. 5208 : q. 11315‚6
211115. 1137511 ι’ 15,13
2111 11215,1 . ἔ 11216,Ιο
211155. 1511, 1111115101). 1111, ι 5. 112511, 21
31551111.) ·· . 21111, 10
2113 11 500, 33 · . 113, 20. 170, 21. 181,
Δ 208 1121318 11.521,1
273 380, 5 π· 26, 21. 1161,5
288 sq. 1121182 5. 113011, 23. 311,2
2110 11 3111,7 , 515, 1
311-Isqq. 11103, 12 301, 25
307 111112, 10 217, 18
341 1135,28. 07, 13 ’ 561, 5
382 112111 q. 312, 20
11111 11 138, 17 11372, 10
110 118, 9 11313, 211
41715. 35111 11111510
132 351, 22 5. 11291. 17
517 . 1111, 11. 2232 ι 221, 21
521 38, 11 530, 23. 513, 21. 11163,
553 II 118, 10. 231,12 32

 

