INDEX RERVM ΕΤ 106187103111 . 573

’130, 9. 156, 10. 240, 5. ἕξ 32 26. 19218711 455,.6 exterminaturum 18

“ 316, 14. es 484188431- 11 16, 20 externus 118, 22. 1142, 20 .

8148 ’448841881, 11. 158, exaduersum 11511, 23 extimus 98, 8. 100, 14
ll 242, 7. 276, 3. 317, 35444τῶ11288, ll extinguo 561, 12

ll 11 3443, 23. gruere examussim 1159 9* exeram& 10. 30, 3. 26.
24412768286384484448160192518 42,7.41,.,1984’9
11443, 23. es finitorum 27’1”’,12, 1118214 extraneus 69, 2. 11 12, 20
2888881013 24884 er 44 488, 48 exn-auersus 11 44, 44
8448819811 8888481188 402, 3 extreme 11 86, 8
ἔσχατος ’ἕσχατώτατος 98, 1 8888418161, 173 extremus 99, 4
esox 11526, 3 excelleo excello 491, 2. 526, extrinsecus 11 30, 13 ¹
’'0601poet 11318, 4 18. 527, 5 88811136,1.42, 18 .
3188844 24,. 1 88814811276, 15 exulo 377,3l5. 11209, 27
s.urio4·19,13.495, 13 excludo 11 36, l ’ 4388341112, 3
Ἐτεοκ1” ης’244, 3. 11446, 28 excuso 516, 4. 11 276, 5, 43 epar 11248, 22. 316, 18 ,
5445341348 11 145, 3 814, 6 45384 ονίζω 11 316, 13
8411 280, 8 888843 302, 13 εὖπα 684884 562 22. 11148
etenim 11528, 33 execror 4379, 611. 382, 3. 22. 404, 20
5084187,12.113,13.287, 3929. 11322, 11 εὐπορία 168, 11*

11. 418, 23 ἕξηγ οὖμ αι 11 311, 0 εὐσεβής 11 12, 8
etiam 11 156, 16. 26 ἐξεναντίας 1126,’16. 42, 3 83081 ης 152, ’3. 343, 26
84488814199,13 ’ 88881142, 19. 288, 6, 313, 10 εὐτυχής 11 12, 2. 481, 15
588411316,’6.86β, 13 888 quiae 334, 3
84811196, 15. 99, 33, ex 33010r34, 3. 379, 6¹1. 11 171448881011. 11,12.12,
ἥττων 113 307, 20. ἦττον 48, 8. 315, 3 1. 18. 19, 8. 2224. 85,
²42² 1352 ομάιιι4885 44. 484
88 314414118458439, 12 8448481488 250, 0. 11 444, 31 fabe 176, 5
Euan 220, l . 3514411287, 16 Fabaris 327, 15
Ε884411418368, 10 88684838 433, 21 11468114 110,16
4481484888, 16. 224, 17. exhibeo 11 268, 17, 273, 2 seber 307,17

300, 18 exigo 437, 36. 438, 20 Fabrateria 1464448888 81,5
8444441190, 15. 91, 27. 528, exilis 131, 21 Fabricius 135, 33

35 8818116718.125,3 1864414110,’16. 114802.
, Εὖχαρις252, ll · exinde 11 35, 17. 67, 11. 18885148’1814818811480,9
888818 561, 31 8448844 432 68, 8 · 14488888 377 5. 431, 16. 535,
16. 11158, 29. 229, 233 3ξίσ3ημ 411288, 21. 313, 3 10

230, 5. 486, 2 existimo 11 274, 18 18818811524,19
euentus 11232, 3 ieta, 1ος 181, 21 1481181108,5.77,1
1188414188 67, 13 exlex 280,8. 11 35, 27. facilis 11219, 9
88844811477,4 · 42, 17 iacto 22, 7. 25, 9. 376, 28.
euge 552, 9 (u. 84142) 888188489, 16 898, 20. 3993, 5. 401, 6.
euhoe 11 91, 27 88543184319, 10386, 8 402,’9(44.8423.).435, 15.
881888827111 56112881 Ι 438, 21. 459, 28. 410,19.
11888427212 4444112518 477,14,496 11. 497,19.
88444843, 48 17, 48. 88, 1134888 448, 4 013, 10. 11 184, 48. 484,
13, 48, l7. 47, 20. 49, 2013588828 11 287, 10 4. 271, 16. 272, 14. 346,
51, 5. ’82, 10. 3122,3. 125, experte 11 274, 38 9. 527, 28. 183 325, 9.
ξ110. 128, ’.6 133, ’15. 136, exprgre seor 512 24 373,4. 1441484376, 25,

8,.13 305, 17. 357, 133 exper3i353r379, 13.6 386. 11. sacrorum 8148811320 16.

372, 6. 437, 21. 481, 29. 400, 15. 5346. 13. 543, 5. euram 1481811350, 2
488,1. 5673 17. 21. ’,521 expertus 11 345, 21 iactum 563, 4. Il 148, 22
20. 522 9. 525, l. 163 ex 848593, 21. 11217, 27. 464, 25

565, 23. 589, 25. 593, 2. 3, 15. ’,503 24 faex 169, 16. 323, 20

10. 11 11, 5.’ 47, 25. ’,56 exp 84 11 35, 23. 42, 18 faginus 70, 19. 75, 24

21, 448, 2. 456, 22. 463, expiro 11 48, 8 , 1811844 140, 39

14 494 30. 511, 331. 5226 expostulo 11 ’288, 12 18118 438, ’.24 460, 3
Ἐὔπολις 252, 6 exprobro 11 1071811. 268, 18 falso 116826. 528, 27
11841ρί38863, 3. 217 1 expultrix 371, '9 18144 323, 22
88818148888388544838276,1 885885852411 iruna 11, 21. 19, 9
Euterpe 142, 23. 145, 12 8888484588, 2 , 1844488243,12.“349,13. 11
88 18148 nemina 1436, 11. exsanguis u. exanguis 475, 38

1648. 32218, 11525, 82 exsequiae exsequor u. 8448 18848134 11' 271, 3

ἐξ praepositio 187,123(u.quiaeexequor· 1848441448 112193, 24
84142) 11287,10’ 88484856 ferrus 1159, 5⁷3⁶

 

