540

8111111111111111111111111151111,21 11 313, 10
22, 2 270, 17
33, 8 80231500
111 admirabilibus 33, 8 233, 17

811111111111111111111 11 405, 12

811111111111428, 1. 1411111111 11 103, 18.
308,10. Αα11111111111302, 13. ἐν
manmit τῷ ἓν Τροίᾳ 11 284, 5.
,41111 2, 4. 111111707111. Dina.
111801. 1111111. 0 1110010. 0111111.
011. 20011. 11 312, l. 0111111. 111. 1050

Sophron 255, 5

Staberius do proportione 385, 1

Statius 1111111Ιεί1111

110011. 473,18
131 444,12
285 327,4

33211. 340, 8 (11. 1111111

37211. 2703
11120 3425

siluarum 12, 135 11 10, 23
Thebaidos 1325 574, 10
300 330, 20
41511. 200, 12

“ 50011. 110013
008111. 308, 15
03811. 1502

1130 515,14.522,13

20311. 72, 10

24211. 11247,8
20511. 72, 10
207 ,41,3
35011. 351,15

388 11 oo, 10

57211. 11318, 23

573 11 320, 20
57511. 3001

584 112801
71011. 21810

111 407 145, 25. 208, 13 ·

508111. 544, 18

720 401, 15·
111114011. 47010

180 1001128013

28711. 202, 10 .

200 4018

41311. 408,2

417 41,1

428 481, 20. 521, 21

47511. 351, 10

485 3103

71111. 72,12

71011. 72, 22

84211. 317, 7. 342, 10
113511. 5208

44 287,8

04 2204

11711. 3400

21211. 15018

380 101,20
1110111. 7015

37011. 20018

loom 8010210818

8111ιί111 7111511011

1151511. 202, 23
84511. 34015

1110 3302 ’
58511. 241,4
047 2000
79111. 1131014

1111120 80,Ῑο
250 521, 13
74411. 301, 11

1111107 5003
132 5403
23011. 5405
20411. 17010
200 521,15
354 510, 20

Χ 343111. 41, 18. 72, 7
81111. 3308

X! 10711. 510, 22
283111. 113017
33811. 111001
42811. 807
58211. 330, 23

xli 218 11324. 10
374111. 339, 20
530 501,7

“ 810 07, 20

8111111 54, 8. 21. 414. 20. 415, 25. 548, 7.
11. 13. 14. 540, 21. 1134, 23. 1311, 22.
21)(1, 110. 402, 11. 11111111111111111111111
5 .

8111111111 111 institutione officiorum 231, 8
(11. add). 111 1111 1111111111387, 23 (11.
ado). 11 275, 14. 111 1111 protorum
387, 2 (1. odd.)

81111116 111 uicesimo primo 11111111 sumum

7111111111, Lot-ius 11407, 2
711111111111111011111111 183 11 10, 25
234 11 10. 27
283 30014
1352 2200
2228111. 11 410. 10
11111111115220, 15. 11 418, 2. 8. 421, 11.
425,
111 ,111-1111111111. l 11. ll 422, 30
11 300, 12
10111. 1142233
2411. 1123027
30 50, 7. 1138, 21
37 44021. 4800.
113201
38 11 271,4
5011. 1114312
72 478, 24
11 1, 14 11104, 3. 285,
18 40, 10
24 1124011
40 505, 24
2,8 11322,2
0411. 1111,0
5 1111151111

 

