’ sto . 1111111111111111111111

113110111246, 23 1111101616ομ6 421, 26. 623, 147,8.176,25.1ffl, 17.
11311611487,1.,.01773 16..626311300,10 203,12.200,18.200,0
273,1.376, 13 intendo 11473, 27 201, 8. 60033. ipsus 11
1131111317, 4. 34027. ωι11114221.72,23. in· 026
360, 2 111 se 11178, 0200, 14 11611111 1111111111 2348. 313,
induperator 11 100, 16 11111116131122,12. 11432 24611311)
11117301, 23. 11310, 20 11111113111107,10* ,,464, 6, 66416 44444 66
1116111171 12,6 11111111271, 1 ,,,,,,,,,,,,,,, ,, 7, 3
inermis 25, 0. 11 182, 17. interdiu 1173, 4. 60, 23
466, 10 66616 irritamen 120, 3
1111111111162, 17.462, 10 intereo 11 43,12.362,7.1111111107,20
11111326, 10 48021. 606, 14. ’6060 111111111626, 10
1161111111 478, 6 628, 33 1161111116111113014. 160,

11 6113101438, 21 1111110463, 26. 612, 20. 600, 10. 210, 7. 246, 16. 317. ’

inhibeo 437, 30. 438, 18 20 18. ii 524, 22. graece
1111111437, 31. 438, 21 11111111 606, 7. 11 160, 4. 161, 16. 262, 3. 366, 4.
111111111’438,18 368, 7 61111111111111111116714
inimicus 26, 11. 11210, 26. interibi 1159, 6*. 8* 11 pronomen 303, 26. 677,

362, 13 interiectio 176, 26. 661,16. 106701068014. 116,

111111111111171,3 1173,14.00,6.110,18. 17. 10,13.142,20.147, .

iniquus 11 210, 26 182, 20. 628, 34 8. 166, 2. 108, 16601
111113110οῙ, 20 internecio 1222 18. eiius 14, 6. 303, 6
11111111 310, 8. 326, 18 11111111111111143,2 1111208, 0. cubus 2044
infelicitas 176,5 111111111144, l' Isauria 11626, 23
iniciox 11626, 2 interpres 241, 7. Ii 42, 22 1111 228, 4 577, 10. 11142,
1111111144,Ιο interrex 470, 10 30. 147, 8. 166, 17.566
1111111183,0.86,12. 1144,1111111611ιί1670,10680,2. 20
10 1113026. 1803 13611- 1146111151, 12
1111111177, 6. 1111, 10 130170.1111111611111131-111116801060018
· inferus 116, 61. 1144, 0. 1110111111 11121,17 istm-sum 1184, 12, 133, 24
11111183,11 111111161387,10.11276,7 1111111 503414
1106143621, interrumpo 11432 itn1163, 8. 06, 21
1104110301, 24 11111111111111143,3 ltalia 287, 3
infimatis 338,11 ¹ , intimus 68,4 , “ ltaliae popuii 27, 0
infime 11800 intono 571, l 1111111 ii 476, 010
1181111007. 1144104οὅ, 1111111143 15. 72, 28 1111411181,23.163,1. 11100,
26 111111111111 composrtro555 2 16. 621, 2

’ 1101420,16.11111460,16 111111111111144, l 1111111176, 1

1161161488, 21. 11612, 26 intro oduerbt'unt 1143, 20. 1111161, 7. 220, 1. 4642.
1111111110, 26 , 72, 23 604, 2

’ intra 1130, 2. 20. 30, 13. 111111110111434, 18. 11308, 111111111ῐῖ5, 14 ’

‘immomw rmm‚i ⁸ ommim

44, 4 16 11111111 11761
innocens 566, 21 11111111,,30 13. 43, 20. 72, 111111161, 6 666, 2. 11146,6
1111161341, 10112100. 23 111111011111111
218, 0. inopis 111111, 16 1111111136, 8 1111111401, 13. 11227, 16
1111111241, 8. 242, 20. 326, inuenio 11 2748 1111111603, 2. 11403, 24
22 ’ 1111111111178, 6 1161111116032. 1146031..
inq uiuo 466, 12 inuideo 374, 20 11 104, 3. 463, 24
inquio 420, 16. 406, 14. 111- 206, 21, 271, 18. 274, 4. 1101111011 131, l
⁴ 6111111100 11 487, 34 ogerum rugus 300, 21. 307,
inq niro44, 16 inuidia 17, 4 ll
1111111410, 8 inuidos 136, 17 (ιι. odd.) 11166111ιί1111 77, 13
insaniter 1170 10 inuoco 11 2702 1111111111404,1. 1111111111
insero 376, 22. 632, 0 inundo 664, 0. 433, 17 uerborum 661, 20
11118111370,2.436, 12 inusitato 1111111371, 18 iunior 86, 6
1111111438, 22. 11326, 7 io fluite nornine 121, 22 iuniorum 1111131111623, 3.
iusimuio 1132111 iocinns 238, 16 302, 6. 326, 7. 418, 7.
1333337767 31333333711111 1371371777 ²⁰
inspicio 566, 11 1111111111 78, 14 luppiter 186, 0. 228, 20.·

2
l.

instituor 301, 26 111116144012 ’1111611111611306,17567
1111111111 26, 12 ipse 227, 7. 677, 10. 6701. iuro 483, 823. 4842 466,
,“11111611111428,0 22. li 141, 23. 142, 20. 612, 1'7. 566, 22. 673, 2.

 

